Hillclimbing step = 1	Hillclimbing step = 0.5	Steepest Ascent HillClimbing step = 1	Steepest Ascent HillClimbing step = 0.5	Random Restart HillClimbing step = 1	Random Restart HillClimbing step = 0.5	SimulatedAnnealing alpha = 0.993 using t1	SimulatedAnnealing alpha = 0.993 using t2	SimulatedAnnealing alpha = 0.987 using t1	SimulatedAnnealing alpha = 0.987 using t2
-16.58164671636503	-10.336769556487868	-21.520260179334546	-10.565943322000582	-19.33147503958226	-12.336673052303778	-45.69626901274331	-42.30683166120987	-43.98278084973764	-39.70993827799633
-27.617698297028845	-17.087328158549067	-34.544494884306175	-17.818207007772607	-31.543393320200785	-19.548568030223038	-65.62020514742326	-57.31552399725753	-55.1978308621143	-69.94259118630225
-36.09343244789365	-23.974717725260838	-46.595766241176364	-24.36030163801676	-43.416084228957196	-25.897217583086984	-83.2745230952407	-68.68073352757641	-60.8764537025099	-82.03000583425926
-47.71456530209038	-28.259624847540415	-58.68579543893431	-29.560235834647234	-54.33627823684061	-31.301008106486798	-85.15705568017682	-78.99879323476955	-66.82303638408408	-83.54223109643638
-58.31307472799042	-31.67539748498973	-70.26296684851883	-36.06654451262146	-65.78240219679515	-37.32393261440882	-92.28583058792782	-86.909336005357	-73.21915536205505	-93.51570419438137
-68.86581014117228	-37.30869330445169	-81.36140247605937	-42.7828746436867	-77.97695896438924	-44.0845303357536	-95.61326224707139	-86.909336005357	-80.61000602589789	-95.1663371613325
-79.03402069279967	-43.95538625204246	-91.69548200451241	-47.51805942906795	-89.6587256318339	-50.08629096312936	-95.61326224707139	-89.05408277243811	-82.72054583284344	-100.31293786520482
-88.64886942035398	-49.22664651541374	-103.63671205756793	-53.2516118251407	-100.65126938659601	-55.12347478647498	-97.07764644806103	-92.24974761999285	-85.93639640667182	-100.31293786520482
-99.71178933290761	-52.70097130394159	-115.75324471383958	-59.13258873874548	-111.76182617924977	-60.810600928919676	-97.07764644806103	-93.11551411627788	-90.89277317695887	-100.31293786520482
-110.70883874924195	-57.16625844225879	-124.53019223730965	-65.13110775642085	-121.45691913882078	-67.39880525912164	-99.14086294546205	-95.15711508611648	-95.34085249499674	-102.23802964322985
-116.63501966137969	-63.593152732362704	-128.4679146507769	-71.0811496812904	-128.28326432065376	-73.45704107372133	-99.14086294546205	-95.91774311280838	-95.34085249499674	-102.23802964322985
-119.62828398351404	-70.35643962779577	-132.73238759106616	-77.67057731469042	-90.15994775361767	-78.23137236153298	-99.14086294546205	-95.91774311280838	-95.34085249499674	-102.23802964322985
-119.51660547070985	-74.80300897875937	-132.73238759106616	-84.01948949143676	-73.74952516738361	-82.73872889217142	-99.14086294546205	-95.91774311280838	-96.50071166138125	-107.15445612162348
-119.51660547070985	-78.69095211726795	-132.73238759106616	-88.79526736982875	-30.680786517214152	-89.23722643171196	-99.14086294546205	-95.91774311280838	-96.50071166138125	-107.15445612162348
-119.51660547070985	-84.60112822248614	-132.73238759106616	-93.5838178714736	-43.926515011048956	-96.35161279296771	-99.14086294546205	-98.414444245591	-97.23763653733836	-107.15445612162348
-119.51660547070985	-91.47889439411594	-132.73238759106616	-98.94637522030806	-55.1858827016876	-102.28831691446013	-99.14086294546205	-101.28289494336103	-97.23763653733836	-107.15445612162348
-119.51660547070985	-96.89261314170088	-132.73238759106616	-105.32042775213058	-67.71507225359107	-105.92904770857731	-102.15524365326073	-101.28289494336103	-100.27382647458731	-107.15445612162348
-119.51660547070985	-99.92376045919454	-132.73238759106616	-112.05412256996712	-79.48157633581881	-109.73692077217922	-102.15524365326073	-102.23678832126475	-101.61376966815685	-107.15445612162348
-119.51660547070985	-103.33604378226578	-132.73238759106616	-118.14817717472526	-89.02302066611017	-115.0997814148742	-102.15524365326073	-102.23678832126475	-101.61376966815685	-107.15445612162348
-119.51660547070985	-109.29668206897554	-132.73238759106616	-123.75534905655329	-101.77064857259937	-121.03304635543566	-106.32032660762168	-102.23678832126475	-101.61376966815685	-107.15445612162348
-119.51660547070985	-116.15131772302406	-132.73238759106616	-128.01016528679116	-112.48706813664617	-126.35645429447659	-106.32032660762168	-102.23678832126475	-101.61376966815685	-107.15445612162348
-119.51660547070985	-121.524361877237	-132.73238759106616	-132.10588981114697	-122.70770888798863	-119.54424893521495	-106.32032660762168	-105.42768515749677	-101.61376966815685	-107.15445612162348
-119.51660547070985	-123.8167291929884	-132.73238759106616	-137.40138171910536	-117.35616609565122	-111.22774248138515	-106.32032660762168	-110.26646807974923	-104.29012317480822	-107.15445612162348
-119.51660547070985	-123.74104066297751	-132.73238759106616	-142.1385739547049	-101.02546585899623	-113.52010111748405	-106.4346602868919	-110.38049396233684	-104.29012317480822	-107.15445612162348
-119.51660547070985	-123.74104066297751	-132.73238759106616	-150.64704842785034	-73.34504156200717	-91.70499701523593	-106.4346602868919	-110.38049396233684	-107.41947892467866	-107.15445612162348
-119.51660547070985	-123.74104066297751	-132.73238759106616	-159.89018492153593	-44.39473885909632	-81.30003361118648	-106.4346602868919	-111.61977360041233	-107.41947892467866	-107.15445612162348
-119.51660547070985	-123.74104066297751	-132.73238759106616	-159.89018492153593	-41.64389893292686	-34.43205910035474	-106.4346602868919	-112.77465126389123	-107.46786049180871	-107.15445612162348
-119.51660547070985	-123.74104066297751	-132.73238759106616	-159.89018492153593	-53.57880377460454	-28.493960201401364	-106.4346602868919	-112.77465126389123	-107.46786049180871	-107.15445612162348
-119.51660547070985	-123.74104066297751	-132.73238759106616	-159.89018492153593	-65.8859023971665	-34.90398644256156	-106.4346602868919	-112.77465126389123	-107.46786049180871	-107.15445612162348
-119.51660547070985	-123.74104066297751	-132.73238759106616	-159.89018492153593	-76.53061300337298	-40.703518719382416	-107.94418347617231	-116.55102362704022	-107.46786049180871	-107.15445612162348
-119.51660547070985	-123.74104066297751	-132.73238759106616	-159.89018492153593	-88.35727574911542	-46.249293689211086	-107.94418347617231	-116.55102362704022	-107.46786049180871	-111.92459768977469
-119.51660547070985	-123.74104066297751	-132.73238759106616	-159.89018492153593	-101.67495481678657	-52.4382355387315	-109.09024457308337	-116.55102362704022	-107.46786049180871	-112.1560258662521
-119.51660547070985	-123.74104066297751	-132.73238759106616	-159.89018492153593	-112.7410645481539	-58.29152701803122	-109.09024457308337	-116.55102362704022	-107.46786049180871	-114.08868255012567
-119.51660547070985	-123.74104066297751	-132.73238759106616	-159.89018492153593	-123.12905419162969	-63.875412929289816	-109.58599826584766	-116.55102362704022	-107.46786049180871	-114.08868255012567
-119.51660547070985	-123.74104066297751	-132.73238759106616	-159.89018492153593	-110.66375417890649	-69.81887511791363	-109.58599826584766	-116.55102362704022	-107.46786049180871	-114.08868255012567
-119.51660547070985	-123.74104066297751	-132.73238759106616	-159.89018492153593	-119.1541549406963	-75.8357917468442	-109.58599826584766	-116.55102362704022	-107.46786049180871	-115.22252109562855
-119.51660547070985	-123.74104066297751	-132.73238759106616	-159.89018492153593	-112.28489542457223	-82.15456256259905	-109.58599826584766	-116.55102362704022	-107.46786049180871	-115.22252109562855
-119.51660547070985	-123.74104066297751	-132.73238759106616	-159.89018492153593	-49.758336445560026	-88.57261717130683	-109.58599826584766	-116.55102362704022	-108.38672695241814	-115.22252109562855
-119.51660547070985	-123.74104066297751	-132.73238759106616	-159.89018492153593	-48.67063354347171	-93.9965118209655	-109.58599826584766	-121.81457445905896	-108.38672695241814	-115.22252109562855
-119.51660547070985	-123.74104066297751	-132.73238759106616	-159.89018492153593	-46.110036651293996	-98.57784778665244	-109.58599826584766	-121.81457445905896	-108.38672695241814	-115.22252109562855
-119.51660547070985	-123.74104066297751	-132.73238759106616	-159.89018492153593	-57.56771741472814	-104.00254609622982	-109.58599826584766	-121.81457445905896	-108.38672695241814	-115.22252109562855
-119.51660547070985	-123.74104066297751	-132.73238759106616	-159.89018492153593	-69.94691950157036	-110.7190535966565	-109.58599826584766	-125.57965382388463	-108.38672695241814	-115.22252109562855
-119.51660547070985	-123.74104066297751	-132.73238759106616	-159.89018492153593	-81.0375532448831	-117.24724578227024	-109.58599826584766	-125.57965382388463	-108.38672695241814	-115.22252109562855
-119.51660547070985	-123.74104066297751	-132.73238759106616	-159.89018492153593	-91.11483781288432	-122.87159870317157	-112.05589164935381	-125.57965382388463	-108.38672695241814	-115.22252109562855
-119.51660547070985	-123.74104066297751	-132.73238759106616	-159.89018492153593	-106.38006895370833	-127.40423098722434	-112.05589164935381	-125.57965382388463	-108.38672695241814	-115.22252109562855
-119.51660547070985	-123.74104066297751	-132.73238759106616	-159.89018492153593	-107.23796161239	-130.84820228595737	-112.05589164935381	-125.57965382388463	-108.38672695241814	-115.22252109562855
-119.51660547070985	-123.74104066297751	-132.73238759106616	-159.89018492153593	-116.37643307754547	-119.02695892507509	-112.05589164935381	-125.85949733831873	-108.38672695241814	-115.22252109562855
-119.51660547070985	-123.74104066297751	-132.73238759106616	-159.89018492153593	-114.76341280484462	-84.31059131360756	-112.05589164935381	-125.85949733831873	-108.38672695241814	-115.22252109562855
-119.51660547070985	-123.74104066297751	-132.73238759106616	-159.89018492153593	-111.26392487135426	-77.0063222893639	-115.15240799751038	-125.85949733831873	-109.87721387757752	-115.22252109562855
-119.51660547070985	-123.74104066297751	-132.73238759106616	-159.89018492153593	-104.60516902309337	-57.281849091702405	-115.15240799751038	-125.85949733831873	-109.87721387757752	-115.22252109562855
-119.51660547070985	-123.74104066297751	-132.73238759106616	-159.89018492153593	-74.58394544668758	-50.065645576521376	-115.15240799751038	-125.85949733831873	-109.87721387757752	-118.35117187214783
-119.51660547070985	-123.74104066297751	-132.73238759106616	-159.89018492153593	-71.15631048065612	-41.49053500616721	-115.15240799751038	-125.85949733831873	-111.4105383060499	-119.90308887561154
-119.51660547070985	-123.74104066297751	-132.73238759106616	-159.89018492153593	-51.13144179691246	-46.79489828079575	-115.15240799751038	-125.99554886342477	-111.4105383060499	-119.90308887561154
-119.51660547070985	-123.74104066297751	-132.73238759106616	-159.89018492153593	-63.68043105362206	-37.34843296031229	-115.15240799751038	-127.75033570128883	-111.4105383060499	-122.24054127445552
-119.51660547070985	-123.74104066297751	-132.73238759106616	-159.89018492153593	-75.87401662292959	-43.58392850240905	-115.15240799751038	-128.3079777722136	-112.69237895227938	-122.24054127445552
-119.51660547070985	-123.74104066297751	-132.73238759106616	-159.89018492153593	-87.12646250866314	-50.013478055871396	-115.15240799751038	-128.3079777722136	-112.69237895227938	-122.24054127445552
-119.51660547070985	-123.74104066297751	-132.73238759106616	-159.89018492153593	-97.83232142384225	-55.58312343246024	-115.15240799751038	-128.3079777722136	-112.69237895227938	-122.24054127445552
-119.51660547070985	-123.74104066297751	-132.73238759106616	-159.89018492153593	-107.40200382100679	-60.578718437271775	-117.18469768260445	-128.3079777722136	-112.69237895227938	-122.24054127445552
-119.51660547070985	-123.74104066297751	-132.73238759106616	-159.89018492153593	-112.73646712853606	-66.22301272276971	-117.18469768260445	-128.4622105049155	-112.69237895227938	-122.24054127445552
-119.51660547070985	-123.74104066297751	-132.73238759106616	-159.89018492153593	-122.43558509468136	-72.99250907068685	-117.18469768260445	-128.4622105049155	-112.69237895227938	-122.24054127445552
-119.51660547070985	-123.74104066297751	-132.73238759106616	-159.89018492153593	-127.39037538036469	-80.77023943057809	-117.18469768260445	-128.4622105049155	-112.69237895227938	-122.24054127445552
-119.51660547070985	-123.74104066297751	-132.73238759106616	-159.89018492153593	-130.9566519521599	-88.33543551220222	-117.18469768260445	-128.4622105049155	-112.69237895227938	-123.53656955698321
-119.51660547070985	-123.74104066297751	-132.73238759106616	-159.89018492153593	-134.99043747263738	-94.95086504275002	-117.18469768260445	-128.4622105049155	-112.69237895227938	-123.53656955698321
-119.51660547070985	-123.74104066297751	-132.73238759106616	-159.89018492153593	-134.99043747263738	-99.65091555147566	-117.18469768260445	-128.4622105049155	-112.69237895227938	-123.53656955698321
-119.51660547070985	-123.74104066297751	-132.73238759106616	-159.89018492153593	-134.99043747263738	-104.40252803764716	-117.18469768260445	-128.4622105049155	-112.69237895227938	-123.53656955698321
-119.51660547070985	-123.74104066297751	-132.73238759106616	-159.89018492153593	-134.99043747263738	-110.41377884459943	-117.18469768260445	-128.4622105049155	-112.69237895227938	-125.51713912159862
-119.51660547070985	-123.74104066297751	-132.73238759106616	-159.89018492153593	-134.99043747263738	-116.19987504869971	-117.18469768260445	-128.4622105049155	-112.69237895227938	-125.51713912159862
-119.51660547070985	-123.74104066297751	-132.73238759106616	-159.89018492153593	-134.99043747263738	-121.16284754237768	-117.18469768260445	-128.4622105049155	-112.69237895227938	-128.50267642754116
-119.51660547070985	-123.74104066297751	-132.73238759106616	-159.89018492153593	-134.99043747263738	-124.44533312958802	-117.18469768260445	-128.4622105049155	-112.69237895227938	-128.50267642754116
-119.51660547070985	-123.74104066297751	-132.73238759106616	-159.89018492153593	-134.99043747263738	-127.70479535470277	-117.18469768260445	-128.4622105049155	-112.69237895227938	-128.50267642754116
-119.51660547070985	-123.74104066297751	-132.73238759106616	-159.89018492153593	-134.99043747263738	-120.15261784236615	-117.18469768260445	-128.98332339396887	-112.69237895227938	-128.50267642754116
-119.51660547070985	-123.74104066297751	-132.73238759106616	-159.89018492153593	-134.99043747263738	-112.1211965913387	-117.18469768260445	-128.98332339396887	-112.69237895227938	-128.50267642754116
-119.51660547070985	-123.74104066297751	-132.73238759106616	-159.89018492153593	-134.99043747263738	-91.874440180181	-117.20765905355707	-128.98332339396887	-112.69237895227938	-128.50267642754116
-119.51660547070985	-123.74104066297751	-132.73238759106616	-159.89018492153593	-134.99043747263738	-84.78980584806386	-117.20765905355707	-128.98332339396887	-112.69237895227938	-128.50267642754116
-119.51660547070985	-123.74104066297751	-132.73238759106616	-159.89018492153593	-134.99043747263738	-89.60714570817069	-117.20765905355707	-128.98332339396887	-112.69237895227938	-128.50267642754116
-119.51660547070985	-123.74104066297751	-132.73238759106616	-159.89018492153593	-134.99043747263738	-80.52639929326445	-117.20765905355707	-128.98332339396887	-112.69237895227938	-130.5669680374624
-119.51660547070985	-123.74104066297751	-132.73238759106616	-159.89018492153593	-134.99043747263738	-68.90150506558277	-117.20765905355707	-128.98332339396887	-112.69237895227938	-130.5669680374624
-119.51660547070985	-123.74104066297751	-132.73238759106616	-159.89018492153593	-134.99043747263738	-32.53720384479002	-117.20765905355707	-128.98332339396887	-112.69237895227938	-130.5669680374624
-119.51660547070985	-123.74104066297751	-132.73238759106616	-159.89018492153593	-134.99043747263738	-39.010099516336545	-117.20765905355707	-128.98332339396887	-112.69237895227938	-130.5669680374624
-119.51660547070985	-123.74104066297751	-132.73238759106616	-159.89018492153593	-134.99043747263738	-45.50230517399459	-117.20765905355707	-128.98332339396887	-114.22696121701146	-130.5669680374624
-119.51660547070985	-123.74104066297751	-132.73238759106616	-159.89018492153593	-134.99043747263738	-51.32369040992508	-117.20765905355707	-130.26068700752546	-118.47326095547696	-130.5669680374624
-119.51660547070985	-123.74104066297751	-132.73238759106616	-159.89018492153593	-134.99043747263738	-57.09117312821813	-119.95056479139214	-130.26068700752546	-118.47326095547696	-130.5669680374624
-119.51660547070985	-123.74104066297751	-132.73238759106616	-159.89018492153593	-134.99043747263738	-62.93424349586072	-119.95056479139214	-134.45819718620513	-118.47326095547696	-130.5669680374624
-119.51660547070985	-123.74104066297751	-132.73238759106616	-159.89018492153593	-134.99043747263738	-68.68771049346878	-119.95056479139214	-134.45819718620513	-118.47326095547696	-130.5669680374624
-119.51660547070985	-123.74104066297751	-132.73238759106616	-159.89018492153593	-134.99043747263738	-74.27596268052893	-120.51072708952172	-134.45819718620513	-118.47326095547696	-130.5669680374624
-119.51660547070985	-123.74104066297751	-132.73238759106616	-159.89018492153593	-134.99043747263738	-79.61443641675939	-120.51072708952172	-134.45819718620513	-118.47326095547696	-130.5669680374624
-119.51660547070985	-123.74104066297751	-132.73238759106616	-159.89018492153593	-134.99043747263738	-84.6407551830089	-120.51072708952172	-134.45819718620513	-118.47326095547696	-130.5669680374624
-119.51660547070985	-123.74104066297751	-132.73238759106616	-159.89018492153593	-134.99043747263738	-89.62455640420181	-121.059806687556	-134.45819718620513	-118.47326095547696	-130.5669680374624
-119.51660547070985	-123.74104066297751	-132.73238759106616	-159.89018492153593	-134.99043747263738	-95.42160089524448	-122.9516045131962	-136.14714077730616	-118.91504616360767	-130.5669680374624
-119.51660547070985	-123.74104066297751	-132.73238759106616	-159.89018492153593	-134.99043747263738	-102.49753278071708	-122.9516045131962	-136.14714077730616	-118.91504616360767	-130.5669680374624
-119.51660547070985	-123.74104066297751	-132.73238759106616	-159.89018492153593	-134.99043747263738	-109.28246457672728	-122.9516045131962	-136.70814536712368	-118.91504616360767	-130.5669680374624
-119.51660547070985	-123.74104066297751	-132.73238759106616	-159.89018492153593	-134.99043747263738	-113.68182280299479	-122.9516045131962	-136.70814536712368	-118.95756133430348	-130.5669680374624
-119.51660547070985	-123.74104066297751	-132.73238759106616	-159.89018492153593	-134.99043747263738	-117.0008104168817	-122.9516045131962	-138.81160186729466	-118.95756133430348	-130.5669680374624
-119.51660547070985	-123.74104066297751	-132.73238759106616	-159.89018492153593	-134.99043747263738	-120.51522573544553	-123.74845160209516	-138.81160186729466	-118.95756133430348	-131.3377159351841
-119.51660547070985	-123.74104066297751	-132.73238759106616	-159.89018492153593	-134.99043747263738	-111.96393381741427	-123.74845160209516	-138.81160186729466	-118.95756133430348	-131.3377159351841
-119.51660547070985	-123.74104066297751	-132.73238759106616	-159.89018492153593	-134.99043747263738	-103.04460770919991	-123.74845160209516	-139.71513906172638	-120.38481378422061	-132.79841508437394
-119.51660547070985	-123.74104066297751	-132.73238759106616	-159.89018492153593	-134.99043747263738	-69.83529140672256	-125.42758054537596	-139.71513906172638	-121.22221052243415	-132.79841508437394
-119.51660547070985	-123.74104066297751	-132.73238759106616	-159.89018492153593	-134.99043747263738	-75.7099045351259	-125.42758054537596	-139.71513906172638	-123.4630615689899	-132.79841508437394
-119.51660547070985	-123.74104066297751	-132.73238759106616	-159.89018492153593	-134.99043747263738	-80.45294036866713	-125.42758054537596	-139.71513906172638	-123.4630615689899	-134.70402324917953
-119.51660547070985	-123.74104066297751	-132.73238759106616	-159.89018492153593	-134.99043747263738	-83.83737327033556	-125.42758054537596	-139.71513906172638	-123.4630615689899	-134.70402324917953
-119.51660547070985	-123.74104066297751	-132.73238759106616	-159.89018492153593	-134.99043747263738	-74.48700795429855	-125.42758054537596	-139.71513906172638	-123.4630615689899	-135.6107037074724
-119.51660547070985	-123.74104066297751	-132.73238759106616	-159.89018492153593	-134.99043747263738	-40.331263028834414	-125.42758054537596	-139.85862285001213	-123.4630615689899	-135.6107037074724
-119.51660547070985	-123.74104066297751	-132.73238759106616	-159.89018492153593	-134.99043747263738	-31.99350722968378	-125.42758054537596	-141.0363401468324	-123.4630615689899	-136.23419231969314
-119.51660547070985	-123.74104066297751	-132.73238759106616	-159.89018492153593	-134.99043747263738	-37.555037321723646	-125.42758054537596	-141.0363401468324	-123.4630615689899	-136.23419231969314
-119.51660547070985	-123.74104066297751	-132.73238759106616	-159.89018492153593	-134.99043747263738	-43.39356871870796	-125.42758054537596	-141.718415657654	-123.4630615689899	-136.23419231969314
-119.51660547070985	-123.74104066297751	-132.73238759106616	-159.89018492153593	-134.99043747263738	-49.77663775430459	-127.6042286090252	-141.718415657654	-123.4630615689899	-136.23419231969314
-119.51660547070985	-123.74104066297751	-132.73238759106616	-159.89018492153593	-134.99043747263738	-56.4109569572276	-127.6042286090252	-141.718415657654	-123.4630615689899	-136.23419231969314
-119.51660547070985	-123.74104066297751	-132.73238759106616	-159.89018492153593	-134.99043747263738	-62.645111823270234	-127.6042286090252	-141.718415657654	-123.4630615689899	-136.9188716711426
-119.51660547070985	-123.74104066297751	-132.73238759106616	-159.89018492153593	-134.99043747263738	-68.2644995842408	-127.6042286090252	-141.718415657654	-123.4630615689899	-136.9188716711426
-119.51660547070985	-123.74104066297751	-132.73238759106616	-159.89018492153593	-134.99043747263738	-74.1220921100705	-127.6042286090252	-141.718415657654	-123.4630615689899	-136.9188716711426
-119.51660547070985	-123.74104066297751	-132.73238759106616	-159.89018492153593	-134.99043747263738	-80.02534754964476	-130.09112866964009	-141.718415657654	-123.4630615689899	-136.9188716711426
-119.51660547070985	-123.74104066297751	-132.73238759106616	-159.89018492153593	-134.99043747263738	-85.90619354658625	-130.09112866964009	-141.718415657654	-123.76987060447841	-136.9188716711426
-119.51660547070985	-123.74104066297751	-132.73238759106616	-159.89018492153593	-134.99043747263738	-92.09797972418289	-130.09112866964009	-141.718415657654	-123.76987060447841	-136.9188716711426
-119.51660547070985	-123.74104066297751	-132.73238759106616	-159.89018492153593	-134.99043747263738	-97.02247847813902	-130.09112866964009	-141.718415657654	-123.76987060447841	-140.3253361259448
-119.51660547070985	-123.74104066297751	-132.73238759106616	-159.89018492153593	-134.99043747263738	-101.96704707734891	-130.09112866964009	-141.718415657654	-125.90651605958351	-140.3253361259448
-119.51660547070985	-123.74104066297751	-132.73238759106616	-159.89018492153593	-134.99043747263738	-106.63667247438896	-130.09112866964009	-141.718415657654	-125.90651605958351	-140.3253361259448
-119.51660547070985	-123.74104066297751	-132.73238759106616	-159.89018492153593	-134.99043747263738	-112.08443933878291	-130.09112866964009	-141.718415657654	-125.90651605958351	-142.72278426870375
-119.51660547070985	-123.74104066297751	-132.73238759106616	-159.89018492153593	-134.99043747263738	-118.33018891186802	-130.09112866964009	-141.718415657654	-125.90651605958351	-142.72278426870375
-119.51660547070985	-123.74104066297751	-132.73238759106616	-159.89018492153593	-134.99043747263738	-124.03871173676131	-130.09112866964009	-141.718415657654	-125.90651605958351	-142.72278426870375
-119.51660547070985	-123.74104066297751	-132.73238759106616	-159.89018492153593	-134.99043747263738	-128.70874302125458	-130.09112866964009	-141.718415657654	-125.90651605958351	-142.72278426870375
-119.51660547070985	-123.74104066297751	-132.73238759106616	-159.89018492153593	-134.99043747263738	-131.4869678288057	-130.09112866964009	-141.718415657654	-125.90651605958351	-142.72278426870375
-119.51660547070985	-123.74104066297751	-132.73238759106616	-159.89018492153593	-134.99043747263738	-133.97138973011104	-130.09112866964009	-141.718415657654	-127.04151909147524	-142.72278426870375
-119.51660547070985	-123.74104066297751	-132.73238759106616	-159.89018492153593	-134.99043747263738	-134.8901015519708	-130.09112866964009	-141.718415657654	-128.6863022182423	-142.72278426870375
-119.51660547070985	-123.74104066297751	-132.73238759106616	-159.89018492153593	-134.99043747263738	-132.7836717019193	-130.09112866964009	-141.718415657654	-129.48768196496397	-142.72278426870375
-119.51660547070985	-123.74104066297751	-132.73238759106616	-159.89018492153593	-134.99043747263738	-147.6602828236612	-130.09112866964009	-141.718415657654	-129.48768196496397	-142.72278426870375
-119.51660547070985	-123.74104066297751	-132.73238759106616	-159.89018492153593	-134.99043747263738	-151.37071490721013	-130.09112866964009	-141.718415657654	-129.48768196496397	-142.72278426870375
-119.51660547070985	-123.74104066297751	-132.73238759106616	-159.89018492153593	-134.99043747263738	-152.78464698685275	-130.09112866964009	-141.718415657654	-129.48768196496397	-142.72278426870375
-119.51660547070985	-123.74104066297751	-132.73238759106616	-159.89018492153593	-134.99043747263738	-152.78464698685275	-130.09112866964009	-141.718415657654	-133.1618511840707	-143.22473216488052
-119.51660547070985	-123.74104066297751	-132.73238759106616	-159.89018492153593	-134.99043747263738	-152.78464698685275	-130.09112866964009	-141.718415657654	-133.1618511840707	-144.68668695077804
-119.51660547070985	-123.74104066297751	-132.73238759106616	-159.89018492153593	-134.99043747263738	-152.78464698685275	-130.09112866964009	-141.718415657654	-133.1618511840707	-145.2271709166685
-119.51660547070985	-123.74104066297751	-132.73238759106616	-159.89018492153593	-134.99043747263738	-152.78464698685275	-130.09112866964009	-141.718415657654	-133.2163201834517	-145.2271709166685
-119.51660547070985	-123.74104066297751	-132.73238759106616	-159.89018492153593	-134.99043747263738	-152.78464698685275	-130.09112866964009	-141.718415657654	-133.2163201834517	-145.2271709166685
-119.51660547070985	-123.74104066297751	-132.73238759106616	-159.89018492153593	-134.99043747263738	-152.78464698685275	-130.09112866964009	-141.718415657654	-133.3181506473522	-145.2271709166685
-119.51660547070985	-123.74104066297751	-132.73238759106616	-159.89018492153593	-134.99043747263738	-152.78464698685275	-130.09112866964009	-141.718415657654	-133.3181506473522	-145.2271709166685
-119.51660547070985	-123.74104066297751	-132.73238759106616	-159.89018492153593	-134.99043747263738	-152.78464698685275	-130.09112866964009	-141.718415657654	-133.3181506473522	-145.2271709166685
-119.51660547070985	-123.74104066297751	-132.73238759106616	-159.89018492153593	-134.99043747263738	-152.78464698685275	-130.09112866964009	-141.718415657654	-133.3181506473522	-145.2271709166685
-119.51660547070985	-123.74104066297751	-132.73238759106616	-159.89018492153593	-134.99043747263738	-152.78464698685275	-130.46841158487732	-141.718415657654	-133.3181506473522	-145.2271709166685
-119.51660547070985	-123.74104066297751	-132.73238759106616	-159.89018492153593	-134.99043747263738	-152.78464698685275	-130.46841158487732	-141.718415657654	-133.3181506473522	-145.2271709166685
-119.51660547070985	-123.74104066297751	-132.73238759106616	-159.89018492153593	-134.99043747263738	-152.78464698685275	-130.46841158487732	-141.718415657654	-133.3181506473522	-145.2271709166685
-119.51660547070985	-123.74104066297751	-132.73238759106616	-159.89018492153593	-134.99043747263738	-152.78464698685275	-130.46841158487732	-142.89106654666017	-133.3181506473522	-145.2271709166685
-119.51660547070985	-123.74104066297751	-132.73238759106616	-159.89018492153593	-134.99043747263738	-152.78464698685275	-131.50956878560208	-142.89106654666017	-133.3181506473522	-145.2271709166685
-119.51660547070985	-123.74104066297751	-132.73238759106616	-159.89018492153593	-134.99043747263738	-152.78464698685275	-131.50956878560208	-142.89106654666017	-134.18212623732057	-145.2271709166685
-119.51660547070985	-123.74104066297751	-132.73238759106616	-159.89018492153593	-134.99043747263738	-152.78464698685275	-131.50956878560208	-142.89106654666017	-134.18212623732057	-145.2271709166685
-119.51660547070985	-123.74104066297751	-132.73238759106616	-159.89018492153593	-134.99043747263738	-152.78464698685275	-131.50956878560208	-142.89106654666017	-134.18212623732057	-145.2271709166685
-119.51660547070985	-123.74104066297751	-132.73238759106616	-159.89018492153593	-134.99043747263738	-152.78464698685275	-131.50956878560208	-142.89106654666017	-134.18212623732057	-145.2271709166685
-119.51660547070985	-123.74104066297751	-132.73238759106616	-159.89018492153593	-134.99043747263738	-152.78464698685275	-131.50956878560208	-142.89106654666017	-134.18212623732057	-145.2271709166685
-119.51660547070985	-123.74104066297751	-132.73238759106616	-159.89018492153593	-134.99043747263738	-152.78464698685275	-131.50956878560208	-142.89106654666017	-134.18212623732057	-145.2271709166685
-119.51660547070985	-123.74104066297751	-132.73238759106616	-159.89018492153593	-134.99043747263738	-152.78464698685275	-131.50956878560208	-142.89106654666017	-134.18212623732057	-145.2271709166685
-119.51660547070985	-123.74104066297751	-132.73238759106616	-159.89018492153593	-134.99043747263738	-152.78464698685275	-131.50956878560208	-142.89106654666017	-134.18212623732057	-145.2271709166685
-119.51660547070985	-123.74104066297751	-132.73238759106616	-159.89018492153593	-134.99043747263738	-152.78464698685275	-131.50956878560208	-142.89106654666017	-134.66013850287592	-145.2271709166685
-119.51660547070985	-123.74104066297751	-132.73238759106616	-159.89018492153593	-134.99043747263738	-152.78464698685275	-131.50956878560208	-145.9138965382064	-134.66013850287592	-145.2271709166685
-119.51660547070985	-123.74104066297751	-132.73238759106616	-159.89018492153593	-134.99043747263738	-152.78464698685275	-131.50956878560208	-145.9138965382064	-134.66013850287592	-145.2271709166685
-119.51660547070985	-123.74104066297751	-132.73238759106616	-159.89018492153593	-134.99043747263738	-152.78464698685275	-132.10218401818838	-145.9138965382064	-134.66013850287592	-145.2271709166685
-119.51660547070985	-123.74104066297751	-132.73238759106616	-159.89018492153593	-134.99043747263738	-152.78464698685275	-132.10218401818838	-145.9138965382064	-136.5642380364781	-145.2271709166685
-119.51660547070985	-123.74104066297751	-132.73238759106616	-159.89018492153593	-134.99043747263738	-152.78464698685275	-132.10218401818838	-145.9138965382064	-136.5642380364781	-145.2271709166685
-119.51660547070985	-123.74104066297751	-132.73238759106616	-159.89018492153593	-134.99043747263738	-152.78464698685275	-132.10218401818838	-145.9138965382064	-136.5642380364781	-145.2271709166685
-119.51660547070985	-123.74104066297751	-132.73238759106616	-159.89018492153593	-134.99043747263738	-152.78464698685275	-132.10218401818838	-145.9138965382064	-136.5642380364781	-145.2271709166685
-119.51660547070985	-123.74104066297751	-132.73238759106616	-159.89018492153593	-134.99043747263738	-152.78464698685275	-132.10218401818838	-146.18218367256895	-136.5642380364781	-145.2271709166685
-119.51660547070985	-123.74104066297751	-132.73238759106616	-159.89018492153593	-134.99043747263738	-152.78464698685275	-133.1587786076649	-146.18218367256895	-136.5642380364781	-145.70758209630748
-119.51660547070985	-123.74104066297751	-132.73238759106616	-159.89018492153593	-134.99043747263738	-152.78464698685275	-133.1587786076649	-146.18218367256895	-136.5642380364781	-145.70758209630748
-119.51660547070985	-123.74104066297751	-132.73238759106616	-159.89018492153593	-134.99043747263738	-152.78464698685275	-133.1587786076649	-146.18218367256895	-136.5642380364781	-145.70758209630748
-119.51660547070985	-123.74104066297751	-132.73238759106616	-159.89018492153593	-134.99043747263738	-152.78464698685275	-133.1587786076649	-146.18218367256895	-136.5642380364781	-145.70758209630748
-119.51660547070985	-123.74104066297751	-132.73238759106616	-159.89018492153593	-134.99043747263738	-152.78464698685275	-133.1587786076649	-146.18218367256895	-136.5642380364781	-145.70758209630748
-119.51660547070985	-123.74104066297751	-132.73238759106616	-159.89018492153593	-134.99043747263738	-152.78464698685275	-133.1587786076649	-146.18218367256895	-136.5642380364781	-145.7167541992895
-119.51660547070985	-123.74104066297751	-132.73238759106616	-159.89018492153593	-134.99043747263738	-152.78464698685275	-133.1587786076649	-146.18218367256895	-136.5642380364781	-145.7167541992895
-119.51660547070985	-123.74104066297751	-132.73238759106616	-159.89018492153593	-134.99043747263738	-152.78464698685275	-133.4286443663941	-146.18218367256895	-136.5642380364781	-147.68349236221508
-119.51660547070985	-123.74104066297751	-132.73238759106616	-159.89018492153593	-134.99043747263738	-152.78464698685275	-133.4286443663941	-146.18218367256895	-136.5642380364781	-147.68349236221508
-119.51660547070985	-123.74104066297751	-132.73238759106616	-159.89018492153593	-134.99043747263738	-152.78464698685275	-133.4286443663941	-146.18218367256895	-136.5642380364781	-147.68349236221508
-119.51660547070985	-123.74104066297751	-132.73238759106616	-159.89018492153593	-134.99043747263738	-152.78464698685275	-133.4286443663941	-146.18218367256895	-136.5642380364781	-147.68349236221508
-119.51660547070985	-123.74104066297751	-132.73238759106616	-159.89018492153593	-134.99043747263738	-152.78464698685275	-133.4286443663941	-146.18218367256895	-136.5642380364781	-147.7055554001749
-119.51660547070985	-123.74104066297751	-132.73238759106616	-159.89018492153593	-134.99043747263738	-152.78464698685275	-133.4286443663941	-146.18218367256895	-136.5642380364781	-147.7055554001749
-119.51660547070985	-123.74104066297751	-132.73238759106616	-159.89018492153593	-134.99043747263738	-152.78464698685275	-133.4286443663941	-146.18218367256895	-136.5642380364781	-147.7055554001749
-119.51660547070985	-123.74104066297751	-132.73238759106616	-159.89018492153593	-134.99043747263738	-152.78464698685275	-133.4286443663941	-146.18218367256895	-136.5642380364781	-148.40592662031267
-119.51660547070985	-123.74104066297751	-132.73238759106616	-159.89018492153593	-134.99043747263738	-152.78464698685275	-133.4286443663941	-146.18218367256895	-136.5642380364781	-148.40592662031267
-119.51660547070985	-123.74104066297751	-132.73238759106616	-159.89018492153593	-134.99043747263738	-152.78464698685275	-133.4286443663941	-146.18218367256895	-136.5642380364781	-148.40592662031267
-119.51660547070985	-123.74104066297751	-132.73238759106616	-159.89018492153593	-134.99043747263738	-152.78464698685275	-133.4286443663941	-146.18218367256895	-136.5642380364781	-148.40592662031267
-119.51660547070985	-123.74104066297751	-132.73238759106616	-159.89018492153593	-134.99043747263738	-152.78464698685275	-133.4286443663941	-146.18218367256895	-136.5642380364781	-148.40592662031267
-119.51660547070985	-123.74104066297751	-132.73238759106616	-159.89018492153593	-134.99043747263738	-152.78464698685275	-133.4286443663941	-146.18218367256895	-136.5642380364781	-148.40592662031267
-119.51660547070985	-123.74104066297751	-132.73238759106616	-159.89018492153593	-134.99043747263738	-152.78464698685275	-133.4286443663941	-147.51766924225177	-136.5642380364781	-148.40592662031267
-119.51660547070985	-123.74104066297751	-132.73238759106616	-159.89018492153593	-134.99043747263738	-152.78464698685275	-133.4286443663941	-147.51766924225177	-136.5642380364781	-148.40592662031267
-119.51660547070985	-123.74104066297751	-132.73238759106616	-159.89018492153593	-134.99043747263738	-152.78464698685275	-133.4286443663941	-147.51766924225177	-136.5642380364781	-148.40592662031267
-119.51660547070985	-123.74104066297751	-132.73238759106616	-159.89018492153593	-134.99043747263738	-152.78464698685275	-133.4286443663941	-147.51766924225177	-137.9577524631839	-149.64995052946924
-119.51660547070985	-123.74104066297751	-132.73238759106616	-159.89018492153593	-134.99043747263738	-152.78464698685275	-133.4286443663941	-147.51766924225177	-137.9577524631839	-149.64995052946924
-119.51660547070985	-123.74104066297751	-132.73238759106616	-159.89018492153593	-134.99043747263738	-152.78464698685275	-133.4286443663941	-147.51766924225177	-137.9577524631839	-149.64995052946924
-119.51660547070985	-123.74104066297751	-132.73238759106616	-159.89018492153593	-134.99043747263738	-152.78464698685275	-133.4286443663941	-147.51766924225177	-137.9577524631839	-149.64995052946924
-119.51660547070985	-123.74104066297751	-132.73238759106616	-159.89018492153593	-134.99043747263738	-152.78464698685275	-134.1781579534217	-147.51766924225177	-137.9577524631839	-149.64995052946924
-119.51660547070985	-123.74104066297751	-132.73238759106616	-159.89018492153593	-134.99043747263738	-152.78464698685275	-134.1781579534217	-147.51766924225177	-137.9577524631839	-150.41052179985468
-119.51660547070985	-123.74104066297751	-132.73238759106616	-159.89018492153593	-134.99043747263738	-152.78464698685275	-134.1781579534217	-147.51766924225177	-137.9577524631839	-150.41052179985468
-119.51660547070985	-123.74104066297751	-132.73238759106616	-159.89018492153593	-134.99043747263738	-152.78464698685275	-134.1781579534217	-150.0819495114379	-137.9577524631839	-150.41052179985468
-119.51660547070985	-123.74104066297751	-132.73238759106616	-159.89018492153593	-134.99043747263738	-152.78464698685275	-134.1781579534217	-150.0819495114379	-137.9577524631839	-150.41052179985468
-119.51660547070985	-123.74104066297751	-132.73238759106616	-159.89018492153593	-134.99043747263738	-152.78464698685275	-135.98673447221458	-150.0819495114379	-137.9577524631839	-150.41052179985468
-119.51660547070985	-123.74104066297751	-132.73238759106616	-159.89018492153593	-134.99043747263738	-152.78464698685275	-135.98673447221458	-150.0819495114379	-137.9577524631839	-150.41052179985468
-119.51660547070985	-123.74104066297751	-132.73238759106616	-159.89018492153593	-134.99043747263738	-152.78464698685275	-135.98673447221458	-150.0819495114379	-137.9577524631839	-150.41052179985468
-119.51660547070985	-123.74104066297751	-132.73238759106616	-159.89018492153593	-134.99043747263738	-152.78464698685275	-135.98673447221458	-150.0819495114379	-137.9577524631839	-150.41052179985468
-119.51660547070985	-123.74104066297751	-132.73238759106616	-159.89018492153593	-134.99043747263738	-152.78464698685275	-135.98673447221458	-150.0819495114379	-137.9577524631839	-150.41052179985468
-119.51660547070985	-123.74104066297751	-132.73238759106616	-159.89018492153593	-134.99043747263738	-152.78464698685275	-135.98673447221458	-150.0819495114379	-137.9577524631839	-150.41052179985468
-119.51660547070985	-123.74104066297751	-132.73238759106616	-159.89018492153593	-134.99043747263738	-152.78464698685275	-135.98673447221458	-150.0819495114379	-137.9577524631839	-151.93538424645618
-119.51660547070985	-123.74104066297751	-132.73238759106616	-159.89018492153593	-134.99043747263738	-152.78464698685275	-135.98673447221458	-150.0819495114379	-137.9577524631839	-151.93538424645618
-119.51660547070985	-123.74104066297751	-132.73238759106616	-159.89018492153593	-134.99043747263738	-152.78464698685275	-135.98673447221458	-150.0819495114379	-137.9577524631839	-151.93538424645618
-119.51660547070985	-123.74104066297751	-132.73238759106616	-159.89018492153593	-134.99043747263738	-152.78464698685275	-135.98673447221458	-150.0819495114379	-137.9577524631839	-151.93538424645618
-119.51660547070985	-123.74104066297751	-132.73238759106616	-159.89018492153593	-134.99043747263738	-152.78464698685275	-135.98673447221458	-150.0819495114379	-137.9577524631839	-151.93538424645618
-119.51660547070985	-123.74104066297751	-132.73238759106616	-159.89018492153593	-134.99043747263738	-152.78464698685275	-135.98673447221458	-150.0819495114379	-137.9577524631839	-151.93538424645618
-119.51660547070985	-123.74104066297751	-132.73238759106616	-159.89018492153593	-134.99043747263738	-152.78464698685275	-135.98673447221458	-150.0819495114379	-137.9577524631839	-153.87750405856065
-119.51660547070985	-123.74104066297751	-132.73238759106616	-159.89018492153593	-134.99043747263738	-152.78464698685275	-135.98673447221458	-150.0819495114379	-137.9577524631839	-155.53728339640367
-119.51660547070985	-123.74104066297751	-132.73238759106616	-159.89018492153593	-134.99043747263738	-152.78464698685275	-135.98673447221458	-150.0819495114379	-137.9577524631839	-155.53728339640367
-119.51660547070985	-123.74104066297751	-132.73238759106616	-159.89018492153593	-134.99043747263738	-152.78464698685275	-135.98673447221458	-150.0819495114379	-137.9577524631839	-155.53728339640367
-119.51660547070985	-123.74104066297751	-132.73238759106616	-159.89018492153593	-134.99043747263738	-152.78464698685275	-135.98673447221458	-150.0819495114379	-137.9577524631839	-155.53728339640367
-119.51660547070985	-123.74104066297751	-132.73238759106616	-159.89018492153593	-134.99043747263738	-152.78464698685275	-135.98673447221458	-150.0819495114379	-137.9577524631839	-155.53728339640367
-119.51660547070985	-123.74104066297751	-132.73238759106616	-159.89018492153593	-134.99043747263738	-152.78464698685275	-135.98673447221458	-150.0819495114379	-137.9577524631839	-155.53728339640367
-119.51660547070985	-123.74104066297751	-132.73238759106616	-159.89018492153593	-134.99043747263738	-152.78464698685275	-135.98673447221458	-150.0819495114379	-137.9577524631839	-155.53728339640367
-119.51660547070985	-123.74104066297751	-132.73238759106616	-159.89018492153593	-134.99043747263738	-152.78464698685275	-135.98673447221458	-150.0819495114379	-137.9577524631839	-155.53728339640367
-119.51660547070985	-123.74104066297751	-132.73238759106616	-159.89018492153593	-134.99043747263738	-152.78464698685275	-135.98673447221458	-150.0819495114379	-137.9577524631839	-155.53728339640367
-119.51660547070985	-123.74104066297751	-132.73238759106616	-159.89018492153593	-134.99043747263738	-152.78464698685275	-135.98673447221458	-150.0819495114379	-139.68482749311	-155.53728339640367
-119.51660547070985	-123.74104066297751	-132.73238759106616	-159.89018492153593	-134.99043747263738	-152.78464698685275	-135.98673447221458	-150.0819495114379	-139.68482749311	-155.53728339640367
-119.51660547070985	-123.74104066297751	-132.73238759106616	-159.89018492153593	-134.99043747263738	-152.78464698685275	-135.98673447221458	-150.0819495114379	-139.68482749311	-155.53728339640367
-119.51660547070985	-123.74104066297751	-132.73238759106616	-159.89018492153593	-134.99043747263738	-152.78464698685275	-135.98673447221458	-150.0819495114379	-139.68482749311	-155.53728339640367
-119.51660547070985	-123.74104066297751	-132.73238759106616	-159.89018492153593	-134.99043747263738	-152.78464698685275	-135.98673447221458	-150.0819495114379	-139.68482749311	-155.53728339640367
-119.51660547070985	-123.74104066297751	-132.73238759106616	-159.89018492153593	-134.99043747263738	-152.78464698685275	-135.98673447221458	-150.0819495114379	-139.68482749311	-155.53728339640367
-119.51660547070985	-123.74104066297751	-132.73238759106616	-159.89018492153593	-134.99043747263738	-152.78464698685275	-135.98673447221458	-150.0819495114379	-139.68482749311	-155.53728339640367
-119.51660547070985	-123.74104066297751	-132.73238759106616	-159.89018492153593	-134.99043747263738	-152.78464698685275	-135.98673447221458	-150.0819495114379	-139.68482749311	-155.53728339640367
-119.51660547070985	-123.74104066297751	-132.73238759106616	-159.89018492153593	-134.99043747263738	-152.78464698685275	-135.98673447221458	-151.5535232557035	-139.68482749311	-155.53728339640367
-119.51660547070985	-123.74104066297751	-132.73238759106616	-159.89018492153593	-134.99043747263738	-152.78464698685275	-135.98673447221458	-151.5535232557035	-139.68482749311	-155.53728339640367
-119.51660547070985	-123.74104066297751	-132.73238759106616	-159.89018492153593	-134.99043747263738	-152.78464698685275	-135.98673447221458	-151.5535232557035	-139.68482749311	-155.53728339640367
-119.51660547070985	-123.74104066297751	-132.73238759106616	-159.89018492153593	-134.99043747263738	-152.78464698685275	-135.98673447221458	-151.5535232557035	-139.68482749311	-155.53728339640367
-119.51660547070985	-123.74104066297751	-132.73238759106616	-159.89018492153593	-134.99043747263738	-152.78464698685275	-135.98673447221458	-151.62641816684388	-139.68482749311	-155.53728339640367
-119.51660547070985	-123.74104066297751	-132.73238759106616	-159.89018492153593	-134.99043747263738	-152.78464698685275	-135.98673447221458	-151.62641816684388	-140.91181427125778	-155.53728339640367
-119.51660547070985	-123.74104066297751	-132.73238759106616	-159.89018492153593	-134.99043747263738	-152.78464698685275	-135.98673447221458	-151.62641816684388	-140.91181427125778	-155.53728339640367
-119.51660547070985	-123.74104066297751	-132.73238759106616	-159.89018492153593	-134.99043747263738	-152.78464698685275	-135.98673447221458	-151.62641816684388	-140.91181427125778	-155.53728339640367
-119.51660547070985	-123.74104066297751	-132.73238759106616	-159.89018492153593	-134.99043747263738	-152.78464698685275	-135.98673447221458	-151.62641816684388	-140.91181427125778	-155.53728339640367
-119.51660547070985	-123.74104066297751	-132.73238759106616	-159.89018492153593	-134.99043747263738	-152.78464698685275	-135.98673447221458	-151.62641816684388	-140.91181427125778	-155.53728339640367
-119.51660547070985	-123.74104066297751	-132.73238759106616	-159.89018492153593	-134.99043747263738	-152.78464698685275	-135.98673447221458	-151.62641816684388	-140.91181427125778	-155.53728339640367
-119.51660547070985	-123.74104066297751	-132.73238759106616	-159.89018492153593	-134.99043747263738	-152.78464698685275	-135.98673447221458	-152.88799943312776	-140.91181427125778	-155.53728339640367
-119.51660547070985	-123.74104066297751	-132.73238759106616	-159.89018492153593	-134.99043747263738	-152.78464698685275	-135.98673447221458	-152.88799943312776	-140.91181427125778	-155.53728339640367
-119.51660547070985	-123.74104066297751	-132.73238759106616	-159.89018492153593	-134.99043747263738	-152.78464698685275	-135.98673447221458	-152.88799943312776	-140.91181427125778	-155.55587433627548
-119.51660547070985	-123.74104066297751	-132.73238759106616	-159.89018492153593	-134.99043747263738	-152.78464698685275	-135.98673447221458	-152.88799943312776	-140.91181427125778	-155.55587433627548
-119.51660547070985	-123.74104066297751	-132.73238759106616	-159.89018492153593	-134.99043747263738	-152.78464698685275	-135.98673447221458	-152.88799943312776	-140.91181427125778	-155.55587433627548
-119.51660547070985	-123.74104066297751	-132.73238759106616	-159.89018492153593	-134.99043747263738	-152.78464698685275	-135.98673447221458	-152.88799943312776	-140.91181427125778	-155.55587433627548
-119.51660547070985	-123.74104066297751	-132.73238759106616	-159.89018492153593	-134.99043747263738	-152.78464698685275	-135.98673447221458	-152.88799943312776	-140.91181427125778	-155.55587433627548
-119.51660547070985	-123.74104066297751	-132.73238759106616	-159.89018492153593	-134.99043747263738	-152.78464698685275	-135.98673447221458	-152.88799943312776	-140.91181427125778	-155.55587433627548
-119.51660547070985	-123.74104066297751	-132.73238759106616	-159.89018492153593	-134.99043747263738	-152.78464698685275	-135.98673447221458	-152.88799943312776	-140.91181427125778	-155.55587433627548
-119.51660547070985	-123.74104066297751	-132.73238759106616	-159.89018492153593	-134.99043747263738	-152.78464698685275	-135.98673447221458	-152.88799943312776	-140.91181427125778	-155.55587433627548
-119.51660547070985	-123.74104066297751	-132.73238759106616	-159.89018492153593	-134.99043747263738	-152.78464698685275	-135.98673447221458	-152.88799943312776	-140.91181427125778	-155.55587433627548
-119.51660547070985	-123.74104066297751	-132.73238759106616	-159.89018492153593	-134.99043747263738	-152.78464698685275	-135.98673447221458	-153.23379997581625	-140.91181427125778	-155.55587433627548
-119.51660547070985	-123.74104066297751	-132.73238759106616	-159.89018492153593	-134.99043747263738	-152.78464698685275	-135.98673447221458	-153.23379997581625	-140.91181427125778	-155.55587433627548
-119.51660547070985	-123.74104066297751	-132.73238759106616	-159.89018492153593	-134.99043747263738	-152.78464698685275	-135.98673447221458	-153.23379997581625	-140.91181427125778	-155.55587433627548
-119.51660547070985	-123.74104066297751	-132.73238759106616	-159.89018492153593	-134.99043747263738	-152.78464698685275	-135.98673447221458	-153.23379997581625	-140.91181427125778	-155.55587433627548
-119.51660547070985	-123.74104066297751	-132.73238759106616	-159.89018492153593	-134.99043747263738	-152.78464698685275	-135.98673447221458	-153.2683968645227	-140.91181427125778	-155.55587433627548
-119.51660547070985	-123.74104066297751	-132.73238759106616	-159.89018492153593	-134.99043747263738	-152.78464698685275	-135.98673447221458	-153.2683968645227	-140.91181427125778	-155.62931447260627
-119.51660547070985	-123.74104066297751	-132.73238759106616	-159.89018492153593	-134.99043747263738	-152.78464698685275	-135.98673447221458	-153.2683968645227	-140.91181427125778	-156.0586090971809
-119.51660547070985	-123.74104066297751	-132.73238759106616	-159.89018492153593	-134.99043747263738	-152.78464698685275	-135.98673447221458	-153.2683968645227	-140.91181427125778	-156.0586090971809
-119.51660547070985	-123.74104066297751	-132.73238759106616	-159.89018492153593	-134.99043747263738	-152.78464698685275	-138.11447436196332	-153.2683968645227	-140.91181427125778	-156.0586090971809
-119.51660547070985	-123.74104066297751	-132.73238759106616	-159.89018492153593	-134.99043747263738	-152.78464698685275	-138.11447436196332	-153.2683968645227	-140.91181427125778	-156.0586090971809
-119.51660547070985	-123.74104066297751	-132.73238759106616	-159.89018492153593	-134.99043747263738	-152.78464698685275	-138.11447436196332	-153.2683968645227	-140.91181427125778	-156.0586090971809
-119.51660547070985	-123.74104066297751	-132.73238759106616	-159.89018492153593	-134.99043747263738	-152.78464698685275	-139.26317120508276	-153.2683968645227	-140.91181427125778	-156.63781269528369
-119.51660547070985	-123.74104066297751	-132.73238759106616	-159.89018492153593	-134.99043747263738	-152.78464698685275	-139.26317120508276	-153.2683968645227	-140.91181427125778	-156.63781269528369
-119.51660547070985	-123.74104066297751	-132.73238759106616	-159.89018492153593	-134.99043747263738	-152.78464698685275	-139.26317120508276	-153.2683968645227	-142.22756926393882	-156.67014280116217
-119.51660547070985	-123.74104066297751	-132.73238759106616	-159.89018492153593	-134.99043747263738	-152.78464698685275	-139.26317120508276	-153.2683968645227	-142.22756926393882	-156.67014280116217
-119.51660547070985	-123.74104066297751	-132.73238759106616	-159.89018492153593	-134.99043747263738	-152.78464698685275	-139.26317120508276	-153.2683968645227	-142.22756926393882	-156.67014280116217
-119.51660547070985	-123.74104066297751	-132.73238759106616	-159.89018492153593	-134.99043747263738	-152.78464698685275	-139.26317120508276	-153.2683968645227	-142.22756926393882	-156.67014280116217
-119.51660547070985	-123.74104066297751	-132.73238759106616	-159.89018492153593	-134.99043747263738	-152.78464698685275	-139.26317120508276	-153.2683968645227	-142.22756926393882	-156.67014280116217
-119.51660547070985	-123.74104066297751	-132.73238759106616	-159.89018492153593	-134.99043747263738	-152.78464698685275	-139.26317120508276	-153.2683968645227	-142.22756926393882	-156.67014280116217
-119.51660547070985	-123.74104066297751	-132.73238759106616	-159.89018492153593	-134.99043747263738	-152.78464698685275	-139.26317120508276	-153.2683968645227	-142.22756926393882	-156.67014280116217
-119.51660547070985	-123.74104066297751	-132.73238759106616	-159.89018492153593	-134.99043747263738	-152.78464698685275	-139.26317120508276	-153.2683968645227	-142.22756926393882	-156.67014280116217
-119.51660547070985	-123.74104066297751	-132.73238759106616	-159.89018492153593	-134.99043747263738	-152.78464698685275	-139.26317120508276	-153.2683968645227	-142.22756926393882	-156.67014280116217
-119.51660547070985	-123.74104066297751	-132.73238759106616	-159.89018492153593	-134.99043747263738	-152.78464698685275	-139.26317120508276	-153.2683968645227	-142.22756926393882	-156.67014280116217
-119.51660547070985	-123.74104066297751	-132.73238759106616	-159.89018492153593	-134.99043747263738	-152.78464698685275	-139.26317120508276	-153.2683968645227	-142.22756926393882	-156.67014280116217
-119.51660547070985	-123.74104066297751	-132.73238759106616	-159.89018492153593	-134.99043747263738	-152.78464698685275	-139.26317120508276	-153.2683968645227	-142.22756926393882	-156.67014280116217
-119.51660547070985	-123.74104066297751	-132.73238759106616	-159.89018492153593	-134.99043747263738	-152.78464698685275	-139.26317120508276	-153.2683968645227	-142.22756926393882	-156.67014280116217
-119.51660547070985	-123.74104066297751	-132.73238759106616	-159.89018492153593	-134.99043747263738	-152.78464698685275	-139.26317120508276	-153.2683968645227	-142.22756926393882	-156.67014280116217
-119.51660547070985	-123.74104066297751	-132.73238759106616	-159.89018492153593	-134.99043747263738	-152.78464698685275	-139.26317120508276	-153.2683968645227	-142.22756926393882	-156.67014280116217
-119.51660547070985	-123.74104066297751	-132.73238759106616	-159.89018492153593	-134.99043747263738	-152.78464698685275	-139.26317120508276	-153.2683968645227	-142.22756926393882	-156.67014280116217
-119.51660547070985	-123.74104066297751	-132.73238759106616	-159.89018492153593	-134.99043747263738	-152.78464698685275	-139.26317120508276	-153.2683968645227	-142.22756926393882	-156.67014280116217
-119.51660547070985	-123.74104066297751	-132.73238759106616	-159.89018492153593	-134.99043747263738	-152.78464698685275	-141.34695979006364	-153.2683968645227	-142.26119680995268	-156.67014280116217
-119.51660547070985	-123.74104066297751	-132.73238759106616	-159.89018492153593	-134.99043747263738	-152.78464698685275	-141.34695979006364	-153.2683968645227	-142.26119680995268	-156.67014280116217
-119.51660547070985	-123.74104066297751	-132.73238759106616	-159.89018492153593	-134.99043747263738	-152.78464698685275	-141.34695979006364	-153.2683968645227	-142.26119680995268	-156.67014280116217
-119.51660547070985	-123.74104066297751	-132.73238759106616	-159.89018492153593	-134.99043747263738	-152.78464698685275	-141.34695979006364	-153.2683968645227	-142.26119680995268	-156.67014280116217
-119.51660547070985	-123.74104066297751	-132.73238759106616	-159.89018492153593	-134.99043747263738	-152.78464698685275	-141.34695979006364	-153.2683968645227	-142.26119680995268	-156.67014280116217
-119.51660547070985	-123.74104066297751	-132.73238759106616	-159.89018492153593	-134.99043747263738	-152.78464698685275	-141.34695979006364	-153.2683968645227	-142.26119680995268	-156.67014280116217
-119.51660547070985	-123.74104066297751	-132.73238759106616	-159.89018492153593	-134.99043747263738	-152.78464698685275	-141.7596644572667	-153.2683968645227	-142.26119680995268	-156.67014280116217
-119.51660547070985	-123.74104066297751	-132.73238759106616	-159.89018492153593	-134.99043747263738	-152.78464698685275	-141.7596644572667	-153.2683968645227	-142.26119680995268	-156.67014280116217
-119.51660547070985	-123.74104066297751	-132.73238759106616	-159.89018492153593	-134.99043747263738	-152.78464698685275	-141.7596644572667	-153.2683968645227	-142.26119680995268	-156.67014280116217
-119.51660547070985	-123.74104066297751	-132.73238759106616	-159.89018492153593	-134.99043747263738	-152.78464698685275	-141.7596644572667	-153.2683968645227	-142.26119680995268	-156.67014280116217
-119.51660547070985	-123.74104066297751	-132.73238759106616	-159.89018492153593	-134.99043747263738	-152.78464698685275	-141.7596644572667	-153.2683968645227	-142.26119680995268	-156.67014280116217
-119.51660547070985	-123.74104066297751	-132.73238759106616	-159.89018492153593	-134.99043747263738	-152.78464698685275	-141.7596644572667	-153.2683968645227	-142.26119680995268	-157.75460216259884
-119.51660547070985	-123.74104066297751	-132.73238759106616	-159.89018492153593	-134.99043747263738	-152.78464698685275	-141.7596644572667	-153.2683968645227	-142.26119680995268	-157.75460216259884
-119.51660547070985	-123.74104066297751	-132.73238759106616	-159.89018492153593	-134.99043747263738	-152.78464698685275	-141.7596644572667	-153.2683968645227	-142.26119680995268	-158.55732208997856
-119.51660547070985	-123.74104066297751	-132.73238759106616	-159.89018492153593	-134.99043747263738	-152.78464698685275	-143.74377417988512	-154.19892058424455	-142.26119680995268	-158.55732208997856
-119.51660547070985	-123.74104066297751	-132.73238759106616	-159.89018492153593	-134.99043747263738	-152.78464698685275	-143.74377417988512	-154.19892058424455	-142.26119680995268	-158.55732208997856
-119.51660547070985	-123.74104066297751	-132.73238759106616	-159.89018492153593	-134.99043747263738	-152.78464698685275	-143.74377417988512	-154.19892058424455	-142.26119680995268	-158.55732208997856
-119.51660547070985	-123.74104066297751	-132.73238759106616	-159.89018492153593	-134.99043747263738	-152.78464698685275	-143.74377417988512	-154.19892058424455	-142.26119680995268	-158.55732208997856
-119.51660547070985	-123.74104066297751	-132.73238759106616	-159.89018492153593	-134.99043747263738	-152.78464698685275	-143.74377417988512	-154.19892058424455	-142.26119680995268	-158.66093257942188
-119.51660547070985	-123.74104066297751	-132.73238759106616	-159.89018492153593	-134.99043747263738	-152.78464698685275	-143.74377417988512	-154.19892058424455	-142.26119680995268	-158.66093257942188
-119.51660547070985	-123.74104066297751	-132.73238759106616	-159.89018492153593	-134.99043747263738	-152.78464698685275	-143.74377417988512	-154.19892058424455	-142.26119680995268	-158.66093257942188
-119.51660547070985	-123.74104066297751	-132.73238759106616	-159.89018492153593	-134.99043747263738	-152.78464698685275	-143.74377417988512	-154.19892058424455	-142.26119680995268	-158.66093257942188
-119.51660547070985	-123.74104066297751	-132.73238759106616	-159.89018492153593	-134.99043747263738	-152.78464698685275	-143.74377417988512	-154.19892058424455	-142.2612807524768	-158.66093257942188
-119.51660547070985	-123.74104066297751	-132.73238759106616	-159.89018492153593	-134.99043747263738	-152.78464698685275	-143.74377417988512	-154.19892058424455	-142.2612807524768	-158.66093257942188
-119.51660547070985	-123.74104066297751	-132.73238759106616	-159.89018492153593	-134.99043747263738	-152.78464698685275	-143.74377417988512	-154.19892058424455	-142.2612807524768	-158.66093257942188
-119.51660547070985	-123.74104066297751	-132.73238759106616	-159.89018492153593	-134.99043747263738	-152.78464698685275	-143.74377417988512	-154.19892058424455	-142.2612807524768	-158.66093257942188
-119.51660547070985	-123.74104066297751	-132.73238759106616	-159.89018492153593	-134.99043747263738	-152.78464698685275	-143.74377417988512	-154.19892058424455	-142.2612807524768	-158.66093257942188
-119.51660547070985	-123.74104066297751	-132.73238759106616	-159.89018492153593	-134.99043747263738	-152.78464698685275	-143.74377417988512	-154.19892058424455	-142.2612807524768	-158.66093257942188
-119.51660547070985	-123.74104066297751	-132.73238759106616	-159.89018492153593	-134.99043747263738	-152.78464698685275	-143.74377417988512	-154.19892058424455	-142.2612807524768	-158.66093257942188
-119.51660547070985	-123.74104066297751	-132.73238759106616	-159.89018492153593	-134.99043747263738	-152.78464698685275	-143.74377417988512	-154.19892058424455	-142.2612807524768	-160.4967115953078
-119.51660547070985	-123.74104066297751	-132.73238759106616	-159.89018492153593	-134.99043747263738	-152.78464698685275	-143.74377417988512	-154.19892058424455	-144.16021122356432	-160.4967115953078
-119.51660547070985	-123.74104066297751	-132.73238759106616	-159.89018492153593	-134.99043747263738	-152.78464698685275	-143.74377417988512	-154.19892058424455	-144.16021122356432	-160.4967115953078
-119.51660547070985	-123.74104066297751	-132.73238759106616	-159.89018492153593	-134.99043747263738	-152.78464698685275	-143.74377417988512	-154.19892058424455	-144.16021122356432	-160.4967115953078
-119.51660547070985	-123.74104066297751	-132.73238759106616	-159.89018492153593	-134.99043747263738	-152.78464698685275	-143.74377417988512	-154.19892058424455	-144.16021122356432	-160.4967115953078
-119.51660547070985	-123.74104066297751	-132.73238759106616	-159.89018492153593	-134.99043747263738	-152.78464698685275	-143.74377417988512	-154.93116663165026	-144.16021122356432	-160.4967115953078
-119.51660547070985	-123.74104066297751	-132.73238759106616	-159.89018492153593	-134.99043747263738	-152.78464698685275	-143.74377417988512	-154.93116663165026	-144.16021122356432	-160.4967115953078
-119.51660547070985	-123.74104066297751	-132.73238759106616	-159.89018492153593	-134.99043747263738	-152.78464698685275	-143.74377417988512	-154.93116663165026	-144.16021122356432	-160.4967115953078
-119.51660547070985	-123.74104066297751	-132.73238759106616	-159.89018492153593	-134.99043747263738	-152.78464698685275	-143.74377417988512	-154.93116663165026	-144.16021122356432	-160.4967115953078
-119.51660547070985	-123.74104066297751	-132.73238759106616	-159.89018492153593	-134.99043747263738	-152.78464698685275	-143.74377417988512	-154.93116663165026	-144.16021122356432	-160.4967115953078
-119.51660547070985	-123.74104066297751	-132.73238759106616	-159.89018492153593	-134.99043747263738	-152.78464698685275	-143.74377417988512	-154.93116663165026	-144.16021122356432	-160.4967115953078
-119.51660547070985	-123.74104066297751	-132.73238759106616	-159.89018492153593	-134.99043747263738	-152.78464698685275	-143.74377417988512	-154.9834292303959	-144.16021122356432	-160.4967115953078
-119.51660547070985	-123.74104066297751	-132.73238759106616	-159.89018492153593	-134.99043747263738	-152.78464698685275	-143.74377417988512	-155.2261740275324	-144.16021122356432	-160.4967115953078
-119.51660547070985	-123.74104066297751	-132.73238759106616	-159.89018492153593	-134.99043747263738	-152.78464698685275	-143.74377417988512	-155.2261740275324	-144.16021122356432	-160.4967115953078
-119.51660547070985	-123.74104066297751	-132.73238759106616	-159.89018492153593	-134.99043747263738	-152.78464698685275	-143.74377417988512	-155.2261740275324	-144.16021122356432	-160.4967115953078
-119.51660547070985	-123.74104066297751	-132.73238759106616	-159.89018492153593	-134.99043747263738	-152.78464698685275	-143.74377417988512	-155.2261740275324	-144.3563105593726	-160.4967115953078
-119.51660547070985	-123.74104066297751	-132.73238759106616	-159.89018492153593	-134.99043747263738	-152.78464698685275	-143.74377417988512	-155.2261740275324	-144.3563105593726	-160.4967115953078
-119.51660547070985	-123.74104066297751	-132.73238759106616	-159.89018492153593	-134.99043747263738	-152.78464698685275	-143.74377417988512	-155.2261740275324	-144.3563105593726	-160.4967115953078
-119.51660547070985	-123.74104066297751	-132.73238759106616	-159.89018492153593	-134.99043747263738	-152.78464698685275	-144.30478610867036	-155.2261740275324	-144.3563105593726	-160.4967115953078
-119.51660547070985	-123.74104066297751	-132.73238759106616	-159.89018492153593	-134.99043747263738	-152.78464698685275	-144.30478610867036	-155.2261740275324	-144.3563105593726	-160.4967115953078
-119.51660547070985	-123.74104066297751	-132.73238759106616	-159.89018492153593	-134.99043747263738	-152.78464698685275	-144.30478610867036	-155.2261740275324	-144.3563105593726	-160.4967115953078
-119.51660547070985	-123.74104066297751	-132.73238759106616	-159.89018492153593	-134.99043747263738	-152.78464698685275	-144.30478610867036	-155.2261740275324	-144.3563105593726	-160.4967115953078
-119.51660547070985	-123.74104066297751	-132.73238759106616	-159.89018492153593	-134.99043747263738	-152.78464698685275	-144.30478610867036	-155.2261740275324	-144.3563105593726	-160.4967115953078
-119.51660547070985	-123.74104066297751	-132.73238759106616	-159.89018492153593	-134.99043747263738	-152.78464698685275	-144.30478610867036	-155.2261740275324	-144.3563105593726	-160.4967115953078
-119.51660547070985	-123.74104066297751	-132.73238759106616	-159.89018492153593	-134.99043747263738	-152.78464698685275	-144.30478610867036	-155.2261740275324	-144.3563105593726	-160.4967115953078
-119.51660547070985	-123.74104066297751	-132.73238759106616	-159.89018492153593	-134.99043747263738	-152.78464698685275	-144.30478610867036	-155.2261740275324	-144.3563105593726	-160.4967115953078
-119.51660547070985	-123.74104066297751	-132.73238759106616	-159.89018492153593	-134.99043747263738	-152.78464698685275	-144.30478610867036	-156.02014745353432	-144.3563105593726	-160.4967115953078
-119.51660547070985	-123.74104066297751	-132.73238759106616	-159.89018492153593	-134.99043747263738	-152.78464698685275	-144.30478610867036	-156.02014745353432	-144.3563105593726	-160.4967115953078
-119.51660547070985	-123.74104066297751	-132.73238759106616	-159.89018492153593	-134.99043747263738	-152.78464698685275	-144.30478610867036	-156.02014745353432	-144.3563105593726	-160.4967115953078
-119.51660547070985	-123.74104066297751	-132.73238759106616	-159.89018492153593	-134.99043747263738	-152.78464698685275	-144.30478610867036	-156.02014745353432	-144.3563105593726	-160.4967115953078
-119.51660547070985	-123.74104066297751	-132.73238759106616	-159.89018492153593	-134.99043747263738	-152.78464698685275	-144.30478610867036	-156.02014745353432	-144.3563105593726	-160.4967115953078
-119.51660547070985	-123.74104066297751	-132.73238759106616	-159.89018492153593	-134.99043747263738	-152.78464698685275	-144.30478610867036	-156.02014745353432	-144.3563105593726	-160.4967115953078
-119.51660547070985	-123.74104066297751	-132.73238759106616	-159.89018492153593	-134.99043747263738	-152.78464698685275	-144.30478610867036	-156.02014745353432	-144.3563105593726	-160.4967115953078
-119.51660547070985	-123.74104066297751	-132.73238759106616	-159.89018492153593	-134.99043747263738	-152.78464698685275	-144.30478610867036	-156.02014745353432	-144.3563105593726	-160.4967115953078
-119.51660547070985	-123.74104066297751	-132.73238759106616	-159.89018492153593	-134.99043747263738	-152.78464698685275	-144.30478610867036	-156.02014745353432	-144.3563105593726	-160.4967115953078
-119.51660547070985	-123.74104066297751	-132.73238759106616	-159.89018492153593	-134.99043747263738	-152.78464698685275	-144.30478610867036	-156.02014745353432	-144.3563105593726	-160.4967115953078
-119.51660547070985	-123.74104066297751	-132.73238759106616	-159.89018492153593	-134.99043747263738	-152.78464698685275	-144.30478610867036	-156.02014745353432	-144.3563105593726	-160.4967115953078
-119.51660547070985	-123.74104066297751	-132.73238759106616	-159.89018492153593	-134.99043747263738	-152.78464698685275	-145.5741181301994	-156.02014745353432	-144.3563105593726	-160.4967115953078
-119.51660547070985	-123.74104066297751	-132.73238759106616	-159.89018492153593	-134.99043747263738	-152.78464698685275	-145.5741181301994	-156.02014745353432	-144.3563105593726	-161.0920703107402
-119.51660547070985	-123.74104066297751	-132.73238759106616	-159.89018492153593	-134.99043747263738	-152.78464698685275	-145.5741181301994	-156.02014745353432	-144.3563105593726	-161.0920703107402
-119.51660547070985	-123.74104066297751	-132.73238759106616	-159.89018492153593	-134.99043747263738	-152.78464698685275	-145.5741181301994	-156.02014745353432	-144.3563105593726	-161.0920703107402
-119.51660547070985	-123.74104066297751	-132.73238759106616	-159.89018492153593	-134.99043747263738	-152.78464698685275	-145.5741181301994	-156.02014745353432	-146.02191946260473	-161.0920703107402
-119.51660547070985	-123.74104066297751	-132.73238759106616	-159.89018492153593	-134.99043747263738	-152.78464698685275	-146.56786295741978	-156.02014745353432	-146.02191946260473	-161.0920703107402
-119.51660547070985	-123.74104066297751	-132.73238759106616	-159.89018492153593	-134.99043747263738	-152.78464698685275	-147.65209044644334	-156.32425467318654	-146.02191946260473	-161.0920703107402
-119.51660547070985	-123.74104066297751	-132.73238759106616	-159.89018492153593	-134.99043747263738	-152.78464698685275	-147.65209044644334	-156.32425467318654	-146.73733393942558	-161.0920703107402
-119.51660547070985	-123.74104066297751	-132.73238759106616	-159.89018492153593	-134.99043747263738	-152.78464698685275	-147.65209044644334	-156.32425467318654	-146.73733393942558	-161.0920703107402
-119.51660547070985	-123.74104066297751	-132.73238759106616	-159.89018492153593	-134.99043747263738	-152.78464698685275	-147.65209044644334	-156.32425467318654	-146.73733393942558	-161.0920703107402
-119.51660547070985	-123.74104066297751	-132.73238759106616	-159.89018492153593	-134.99043747263738	-152.78464698685275	-147.65209044644334	-156.32425467318654	-146.73733393942558	-161.0920703107402
-119.51660547070985	-123.74104066297751	-132.73238759106616	-159.89018492153593	-134.99043747263738	-152.78464698685275	-147.65209044644334	-156.32425467318654	-146.73733393942558	-161.0920703107402
-119.51660547070985	-123.74104066297751	-132.73238759106616	-159.89018492153593	-134.99043747263738	-152.78464698685275	-147.65209044644334	-156.32425467318654	-146.73733393942558	-161.0920703107402
-119.51660547070985	-123.74104066297751	-132.73238759106616	-159.89018492153593	-134.99043747263738	-152.78464698685275	-147.65209044644334	-156.32425467318654	-146.73733393942558	-161.9341481524269
-119.51660547070985	-123.74104066297751	-132.73238759106616	-159.89018492153593	-134.99043747263738	-152.78464698685275	-147.65209044644334	-156.32425467318654	-146.73733393942558	-161.9341481524269
-119.51660547070985	-123.74104066297751	-132.73238759106616	-159.89018492153593	-134.99043747263738	-152.78464698685275	-147.65209044644334	-156.32425467318654	-146.73733393942558	-161.9341481524269
-119.51660547070985	-123.74104066297751	-132.73238759106616	-159.89018492153593	-134.99043747263738	-152.78464698685275	-147.65209044644334	-156.32425467318654	-146.73733393942558	-162.7579042205428
-119.51660547070985	-123.74104066297751	-132.73238759106616	-159.89018492153593	-134.99043747263738	-152.78464698685275	-147.65209044644334	-156.32425467318654	-146.73733393942558	-162.7579042205428
-119.51660547070985	-123.74104066297751	-132.73238759106616	-159.89018492153593	-134.99043747263738	-152.78464698685275	-147.65209044644334	-156.32425467318654	-146.73733393942558	-162.7579042205428
-119.51660547070985	-123.74104066297751	-132.73238759106616	-159.89018492153593	-134.99043747263738	-152.78464698685275	-147.65209044644334	-156.32425467318654	-146.73733393942558	-162.7579042205428
-119.51660547070985	-123.74104066297751	-132.73238759106616	-159.89018492153593	-134.99043747263738	-152.78464698685275	-147.65209044644334	-156.32425467318654	-146.73733393942558	-162.7579042205428
-119.51660547070985	-123.74104066297751	-132.73238759106616	-159.89018492153593	-134.99043747263738	-152.78464698685275	-147.65209044644334	-156.32425467318654	-146.73733393942558	-162.7579042205428
-119.51660547070985	-123.74104066297751	-132.73238759106616	-159.89018492153593	-134.99043747263738	-152.78464698685275	-147.65209044644334	-156.32425467318654	-146.73733393942558	-162.7579042205428
-119.51660547070985	-123.74104066297751	-132.73238759106616	-159.89018492153593	-134.99043747263738	-152.78464698685275	-147.65209044644334	-156.32425467318654	-146.73733393942558	-162.7579042205428
-119.51660547070985	-123.74104066297751	-132.73238759106616	-159.89018492153593	-134.99043747263738	-152.78464698685275	-147.65209044644334	-156.32425467318654	-146.73733393942558	-162.7579042205428
-119.51660547070985	-123.74104066297751	-132.73238759106616	-159.89018492153593	-134.99043747263738	-152.78464698685275	-147.65209044644334	-156.32425467318654	-146.73733393942558	-162.7579042205428
-119.51660547070985	-123.74104066297751	-132.73238759106616	-159.89018492153593	-134.99043747263738	-152.78464698685275	-147.65209044644334	-156.32425467318654	-146.73733393942558	-162.7579042205428
-119.51660547070985	-123.74104066297751	-132.73238759106616	-159.89018492153593	-134.99043747263738	-152.78464698685275	-147.65209044644334	-156.32425467318654	-146.73733393942558	-162.7579042205428
-119.51660547070985	-123.74104066297751	-132.73238759106616	-159.89018492153593	-134.99043747263738	-152.78464698685275	-147.65209044644334	-157.34983352643653	-146.73733393942558	-162.7579042205428
-119.51660547070985	-123.74104066297751	-132.73238759106616	-159.89018492153593	-134.99043747263738	-152.78464698685275	-147.65209044644334	-157.34983352643653	-146.73733393942558	-162.7579042205428
-119.51660547070985	-123.74104066297751	-132.73238759106616	-159.89018492153593	-134.99043747263738	-152.78464698685275	-147.65209044644334	-157.34983352643653	-146.73733393942558	-162.7579042205428
-119.51660547070985	-123.74104066297751	-132.73238759106616	-159.89018492153593	-134.99043747263738	-152.78464698685275	-147.65209044644334	-157.34983352643653	-146.73733393942558	-162.7579042205428
-119.51660547070985	-123.74104066297751	-132.73238759106616	-159.89018492153593	-134.99043747263738	-152.78464698685275	-147.65209044644334	-157.34983352643653	-147.32445581830072	-162.7579042205428
-119.51660547070985	-123.74104066297751	-132.73238759106616	-159.89018492153593	-134.99043747263738	-152.78464698685275	-147.65209044644334	-157.34983352643653	-147.32445581830072	-162.7579042205428
-119.51660547070985	-123.74104066297751	-132.73238759106616	-159.89018492153593	-134.99043747263738	-152.78464698685275	-147.65209044644334	-157.34983352643653	-147.32445581830072	-162.7579042205428
-119.51660547070985	-123.74104066297751	-132.73238759106616	-159.89018492153593	-134.99043747263738	-152.78464698685275	-147.65209044644334	-157.34983352643653	-147.32445581830072	-162.7579042205428
-119.51660547070985	-123.74104066297751	-132.73238759106616	-159.89018492153593	-134.99043747263738	-152.78464698685275	-147.65209044644334	-157.34983352643653	-147.32445581830072	-162.7579042205428
-119.51660547070985	-123.74104066297751	-132.73238759106616	-159.89018492153593	-134.99043747263738	-152.78464698685275	-147.65209044644334	-157.34983352643653	-147.32445581830072	-163.76448788325973
-119.51660547070985	-123.74104066297751	-132.73238759106616	-159.89018492153593	-134.99043747263738	-152.78464698685275	-147.65209044644334	-157.34983352643653	-147.44972415222637	-164.60645044829238
-119.51660547070985	-123.74104066297751	-132.73238759106616	-159.89018492153593	-134.99043747263738	-152.78464698685275	-147.65209044644334	-157.34983352643653	-147.44972415222637	-164.60645044829238
-119.51660547070985	-123.74104066297751	-132.73238759106616	-159.89018492153593	-134.99043747263738	-152.78464698685275	-147.65209044644334	-157.34983352643653	-147.44972415222637	-164.60645044829238
-119.51660547070985	-123.74104066297751	-132.73238759106616	-159.89018492153593	-134.99043747263738	-152.78464698685275	-147.65209044644334	-157.34983352643653	-149.21594619222228	-164.60645044829238
-119.51660547070985	-123.74104066297751	-132.73238759106616	-159.89018492153593	-134.99043747263738	-152.78464698685275	-147.65209044644334	-157.34983352643653	-149.21594619222228	-164.60645044829238
-119.51660547070985	-123.74104066297751	-132.73238759106616	-159.89018492153593	-134.99043747263738	-152.78464698685275	-147.65209044644334	-157.34983352643653	-149.21594619222228	-164.60645044829238
-119.51660547070985	-123.74104066297751	-132.73238759106616	-159.89018492153593	-134.99043747263738	-152.78464698685275	-147.65209044644334	-157.34983352643653	-149.21594619222228	-164.60645044829238
-119.51660547070985	-123.74104066297751	-132.73238759106616	-159.89018492153593	-134.99043747263738	-152.78464698685275	-147.65209044644334	-157.34983352643653	-149.21594619222228	-164.60645044829238
-119.51660547070985	-123.74104066297751	-132.73238759106616	-159.89018492153593	-134.99043747263738	-152.78464698685275	-147.65209044644334	-157.34983352643653	-149.21594619222228	-164.60645044829238
-119.51660547070985	-123.74104066297751	-132.73238759106616	-159.89018492153593	-134.99043747263738	-152.78464698685275	-147.65209044644334	-157.34983352643653	-149.21594619222228	-164.60645044829238
-119.51660547070985	-123.74104066297751	-132.73238759106616	-159.89018492153593	-134.99043747263738	-152.78464698685275	-147.65209044644334	-157.34983352643653	-149.21594619222228	-164.60645044829238
-119.51660547070985	-123.74104066297751	-132.73238759106616	-159.89018492153593	-134.99043747263738	-152.78464698685275	-147.65209044644334	-157.34983352643653	-149.21594619222228	-164.60645044829238
-119.51660547070985	-123.74104066297751	-132.73238759106616	-159.89018492153593	-134.99043747263738	-152.78464698685275	-147.65209044644334	-157.34983352643653	-149.21594619222228	-164.60645044829238
-119.51660547070985	-123.74104066297751	-132.73238759106616	-159.89018492153593	-134.99043747263738	-152.78464698685275	-147.65209044644334	-157.34983352643653	-149.21594619222228	-164.60645044829238
-119.51660547070985	-123.74104066297751	-132.73238759106616	-159.89018492153593	-134.99043747263738	-152.78464698685275	-147.65209044644334	-157.34983352643653	-149.21594619222228	-164.60645044829238
-119.51660547070985	-123.74104066297751	-132.73238759106616	-159.89018492153593	-134.99043747263738	-152.78464698685275	-147.65209044644334	-157.34983352643653	-149.21594619222228	-164.60645044829238
-119.51660547070985	-123.74104066297751	-132.73238759106616	-159.89018492153593	-134.99043747263738	-152.78464698685275	-147.65209044644334	-157.34983352643653	-149.21594619222228	-164.60645044829238
-119.51660547070985	-123.74104066297751	-132.73238759106616	-159.89018492153593	-134.99043747263738	-152.78464698685275	-147.8558861611637	-157.34983352643653	-149.21594619222228	-164.60645044829238
-119.51660547070985	-123.74104066297751	-132.73238759106616	-159.89018492153593	-134.99043747263738	-152.78464698685275	-147.8558861611637	-157.34983352643653	-149.21594619222228	-164.60645044829238
-119.51660547070985	-123.74104066297751	-132.73238759106616	-159.89018492153593	-134.99043747263738	-152.78464698685275	-147.8558861611637	-157.34983352643653	-149.21594619222228	-164.60645044829238
-119.51660547070985	-123.74104066297751	-132.73238759106616	-159.89018492153593	-134.99043747263738	-152.78464698685275	-147.8558861611637	-157.34983352643653	-149.21594619222228	-164.60645044829238
-119.51660547070985	-123.74104066297751	-132.73238759106616	-159.89018492153593	-134.99043747263738	-152.78464698685275	-147.8558861611637	-157.34983352643653	-149.21594619222228	-164.60645044829238
-119.51660547070985	-123.74104066297751	-132.73238759106616	-159.89018492153593	-134.99043747263738	-152.78464698685275	-147.8558861611637	-157.34983352643653	-149.21594619222228	-164.60645044829238
-119.51660547070985	-123.74104066297751	-132.73238759106616	-159.89018492153593	-134.99043747263738	-152.78464698685275	-147.8558861611637	-157.34983352643653	-149.21594619222228	-164.60645044829238
-119.51660547070985	-123.74104066297751	-132.73238759106616	-159.89018492153593	-134.99043747263738	-152.78464698685275	-147.8558861611637	-157.34983352643653	-149.21594619222228	-164.60645044829238
-119.51660547070985	-123.74104066297751	-132.73238759106616	-159.89018492153593	-134.99043747263738	-152.78464698685275	-147.8558861611637	-157.34983352643653	-149.6551119790784	-164.60645044829238
-119.51660547070985	-123.74104066297751	-132.73238759106616	-159.89018492153593	-134.99043747263738	-152.78464698685275	-148.758278347243	-157.34983352643653	-149.6551119790784	-164.60645044829238
-119.51660547070985	-123.74104066297751	-132.73238759106616	-159.89018492153593	-134.99043747263738	-152.78464698685275	-148.758278347243	-157.34983352643653	-149.6551119790784	-164.60645044829238
-119.51660547070985	-123.74104066297751	-132.73238759106616	-159.89018492153593	-134.99043747263738	-152.78464698685275	-148.758278347243	-157.34983352643653	-149.6551119790784	-165.1282547612293
-119.51660547070985	-123.74104066297751	-132.73238759106616	-159.89018492153593	-134.99043747263738	-152.78464698685275	-148.758278347243	-157.34983352643653	-150.13939783677498	-165.1282547612293
-119.51660547070985	-123.74104066297751	-132.73238759106616	-159.89018492153593	-134.99043747263738	-152.78464698685275	-148.758278347243	-157.34983352643653	-150.13939783677498	-165.1282547612293
-119.51660547070985	-123.74104066297751	-132.73238759106616	-159.89018492153593	-134.99043747263738	-152.78464698685275	-148.758278347243	-157.34983352643653	-150.13939783677498	-165.1282547612293
-119.51660547070985	-123.74104066297751	-132.73238759106616	-159.89018492153593	-134.99043747263738	-152.78464698685275	-148.758278347243	-157.34983352643653	-150.13939783677498	-165.1282547612293
-119.51660547070985	-123.74104066297751	-132.73238759106616	-159.89018492153593	-134.99043747263738	-152.78464698685275	-148.758278347243	-157.34983352643653	-150.13939783677498	-165.1282547612293
-119.51660547070985	-123.74104066297751	-132.73238759106616	-159.89018492153593	-134.99043747263738	-152.78464698685275	-148.758278347243	-157.34983352643653	-150.13939783677498	-165.1282547612293
-119.51660547070985	-123.74104066297751	-132.73238759106616	-159.89018492153593	-134.99043747263738	-152.78464698685275	-148.758278347243	-157.34983352643653	-150.13939783677498	-165.1282547612293
-119.51660547070985	-123.74104066297751	-132.73238759106616	-159.89018492153593	-134.99043747263738	-152.78464698685275	-148.758278347243	-157.34983352643653	-150.13939783677498	-165.1282547612293
-119.51660547070985	-123.74104066297751	-132.73238759106616	-159.89018492153593	-134.99043747263738	-152.78464698685275	-148.758278347243	-157.34983352643653	-150.13939783677498	-165.1282547612293
-119.51660547070985	-123.74104066297751	-132.73238759106616	-159.89018492153593	-134.99043747263738	-152.78464698685275	-148.758278347243	-157.34983352643653	-150.13939783677498	-165.1282547612293
-119.51660547070985	-123.74104066297751	-132.73238759106616	-159.89018492153593	-134.99043747263738	-152.78464698685275	-150.1599900367159	-157.34983352643653	-150.13939783677498	-165.1282547612293
-119.51660547070985	-123.74104066297751	-132.73238759106616	-159.89018492153593	-134.99043747263738	-152.78464698685275	-150.1599900367159	-157.34983352643653	-150.13939783677498	-165.1282547612293
-119.51660547070985	-123.74104066297751	-132.73238759106616	-159.89018492153593	-134.99043747263738	-152.78464698685275	-150.1599900367159	-157.34983352643653	-150.13939783677498	-165.2525754169519
-119.51660547070985	-123.74104066297751	-132.73238759106616	-159.89018492153593	-134.99043747263738	-152.78464698685275	-150.1599900367159	-157.34983352643653	-150.3201734870426	-165.2525754169519
-119.51660547070985	-123.74104066297751	-132.73238759106616	-159.89018492153593	-134.99043747263738	-152.78464698685275	-150.1599900367159	-157.34983352643653	-151.72764065861793	-165.2525754169519
-119.51660547070985	-123.74104066297751	-132.73238759106616	-159.89018492153593	-134.99043747263738	-152.78464698685275	-150.1599900367159	-157.34983352643653	-151.72764065861793	-165.2525754169519
-119.51660547070985	-123.74104066297751	-132.73238759106616	-159.89018492153593	-134.99043747263738	-152.78464698685275	-150.1599900367159	-157.34983352643653	-151.72764065861793	-165.2525754169519
-119.51660547070985	-123.74104066297751	-132.73238759106616	-159.89018492153593	-134.99043747263738	-152.78464698685275	-150.1599900367159	-157.34983352643653	-151.9707461160189	-165.2525754169519
-119.51660547070985	-123.74104066297751	-132.73238759106616	-159.89018492153593	-134.99043747263738	-152.78464698685275	-150.1599900367159	-157.34983352643653	-151.9707461160189	-165.2525754169519
-119.51660547070985	-123.74104066297751	-132.73238759106616	-159.89018492153593	-134.99043747263738	-152.78464698685275	-150.1599900367159	-157.34983352643653	-151.9707461160189	-165.2525754169519
-119.51660547070985	-123.74104066297751	-132.73238759106616	-159.89018492153593	-134.99043747263738	-152.78464698685275	-150.1599900367159	-157.34983352643653	-151.9707461160189	-165.28018970264398
-119.51660547070985	-123.74104066297751	-132.73238759106616	-159.89018492153593	-134.99043747263738	-152.78464698685275	-150.1599900367159	-157.34983352643653	-151.9707461160189	-166.42217180569395
-119.51660547070985	-123.74104066297751	-132.73238759106616	-159.89018492153593	-134.99043747263738	-152.78464698685275	-150.1599900367159	-157.34983352643653	-151.9707461160189	-166.42217180569395
-119.51660547070985	-123.74104066297751	-132.73238759106616	-159.89018492153593	-134.99043747263738	-152.78464698685275	-150.1599900367159	-157.34983352643653	-151.9707461160189	-166.42217180569395
-119.51660547070985	-123.74104066297751	-132.73238759106616	-159.89018492153593	-134.99043747263738	-152.78464698685275	-151.33231701352454	-157.34983352643653	-151.9707461160189	-166.42217180569395
-119.51660547070985	-123.74104066297751	-132.73238759106616	-159.89018492153593	-134.99043747263738	-152.78464698685275	-151.33231701352454	-157.34983352643653	-151.9707461160189	-166.42217180569395
-119.51660547070985	-123.74104066297751	-132.73238759106616	-159.89018492153593	-134.99043747263738	-152.78464698685275	-151.33231701352454	-158.21696413003684	-151.9707461160189	-166.42217180569395
-119.51660547070985	-123.74104066297751	-132.73238759106616	-159.89018492153593	-134.99043747263738	-152.78464698685275	-151.33231701352454	-158.21696413003684	-151.9707461160189	-166.42217180569395
-119.51660547070985	-123.74104066297751	-132.73238759106616	-159.89018492153593	-134.99043747263738	-152.78464698685275	-151.33231701352454	-158.21696413003684	-151.9707461160189	-166.42217180569395
-119.51660547070985	-123.74104066297751	-132.73238759106616	-159.89018492153593	-134.99043747263738	-152.78464698685275	-151.33231701352454	-158.21696413003684	-151.9707461160189	-166.42217180569395
-119.51660547070985	-123.74104066297751	-132.73238759106616	-159.89018492153593	-134.99043747263738	-152.78464698685275	-151.33231701352454	-158.21696413003684	-151.9707461160189	-166.42217180569395
-119.51660547070985	-123.74104066297751	-132.73238759106616	-159.89018492153593	-134.99043747263738	-152.78464698685275	-151.33231701352454	-158.21696413003684	-151.9707461160189	-166.42217180569395
-119.51660547070985	-123.74104066297751	-132.73238759106616	-159.89018492153593	-134.99043747263738	-152.78464698685275	-151.33231701352454	-158.21696413003684	-151.9707461160189	-166.42217180569395
-119.51660547070985	-123.74104066297751	-132.73238759106616	-159.89018492153593	-134.99043747263738	-152.78464698685275	-151.33231701352454	-158.21696413003684	-151.9707461160189	-166.42217180569395
-119.51660547070985	-123.74104066297751	-132.73238759106616	-159.89018492153593	-134.99043747263738	-152.78464698685275	-151.33231701352454	-158.21696413003684	-151.9707461160189	-166.42217180569395
-119.51660547070985	-123.74104066297751	-132.73238759106616	-159.89018492153593	-134.99043747263738	-152.78464698685275	-151.33231701352454	-158.21696413003684	-151.9707461160189	-166.42217180569395
-119.51660547070985	-123.74104066297751	-132.73238759106616	-159.89018492153593	-134.99043747263738	-152.78464698685275	-151.33231701352454	-158.21696413003684	-152.40120152156976	-166.42217180569395
-119.51660547070985	-123.74104066297751	-132.73238759106616	-159.89018492153593	-134.99043747263738	-152.78464698685275	-151.33231701352454	-158.21696413003684	-152.40120152156976	-166.42217180569395
-119.51660547070985	-123.74104066297751	-132.73238759106616	-159.89018492153593	-134.99043747263738	-152.78464698685275	-151.33231701352454	-158.21696413003684	-152.40120152156976	-166.42217180569395
-119.51660547070985	-123.74104066297751	-132.73238759106616	-159.89018492153593	-134.99043747263738	-152.78464698685275	-151.33231701352454	-158.21696413003684	-152.40120152156976	-166.42217180569395
-119.51660547070985	-123.74104066297751	-132.73238759106616	-159.89018492153593	-134.99043747263738	-152.78464698685275	-151.33231701352454	-158.21696413003684	-152.40120152156976	-166.42217180569395
-119.51660547070985	-123.74104066297751	-132.73238759106616	-159.89018492153593	-134.99043747263738	-152.78464698685275	-151.33231701352454	-158.21696413003684	-152.40120152156976	-166.42217180569395
-119.51660547070985	-123.74104066297751	-132.73238759106616	-159.89018492153593	-134.99043747263738	-152.78464698685275	-151.33231701352454	-158.21696413003684	-152.40120152156976	-166.42217180569395
-119.51660547070985	-123.74104066297751	-132.73238759106616	-159.89018492153593	-134.99043747263738	-152.78464698685275	-151.33231701352454	-158.21696413003684	-152.40120152156976	-166.42217180569395
-119.51660547070985	-123.74104066297751	-132.73238759106616	-159.89018492153593	-134.99043747263738	-152.78464698685275	-151.33231701352454	-158.21696413003684	-152.40120152156976	-166.42217180569395
-119.51660547070985	-123.74104066297751	-132.73238759106616	-159.89018492153593	-134.99043747263738	-152.78464698685275	-151.33231701352454	-158.21696413003684	-153.61756890519143	-166.42217180569395
-119.51660547070985	-123.74104066297751	-132.73238759106616	-159.89018492153593	-134.99043747263738	-152.78464698685275	-151.33231701352454	-158.21696413003684	-153.61756890519143	-166.42217180569395
-119.51660547070985	-123.74104066297751	-132.73238759106616	-159.89018492153593	-134.99043747263738	-152.78464698685275	-151.33231701352454	-158.21696413003684	-153.61756890519143	-167.64173288590018
-119.51660547070985	-123.74104066297751	-132.73238759106616	-159.89018492153593	-134.99043747263738	-152.78464698685275	-151.33231701352454	-158.21696413003684	-153.61756890519143	-167.64173288590018
-119.51660547070985	-123.74104066297751	-132.73238759106616	-159.89018492153593	-134.99043747263738	-152.78464698685275	-151.33231701352454	-158.2633314773841	-153.61756890519143	-167.64173288590018
-119.51660547070985	-123.74104066297751	-132.73238759106616	-159.89018492153593	-134.99043747263738	-152.78464698685275	-152.38747124326017	-158.38096502678326	-153.61756890519143	-167.64173288590018
-119.51660547070985	-123.74104066297751	-132.73238759106616	-159.89018492153593	-134.99043747263738	-152.78464698685275	-152.38747124326017	-158.385365707613	-153.61756890519143	-167.64173288590018
-119.51660547070985	-123.74104066297751	-132.73238759106616	-159.89018492153593	-134.99043747263738	-152.78464698685275	-152.38747124326017	-158.385365707613	-153.61756890519143	-167.64173288590018
-119.51660547070985	-123.74104066297751	-132.73238759106616	-159.89018492153593	-134.99043747263738	-152.78464698685275	-152.38747124326017	-158.385365707613	-153.61756890519143	-167.64173288590018
-119.51660547070985	-123.74104066297751	-132.73238759106616	-159.89018492153593	-134.99043747263738	-152.78464698685275	-152.38747124326017	-158.385365707613	-153.61756890519143	-167.64173288590018
-119.51660547070985	-123.74104066297751	-132.73238759106616	-159.89018492153593	-134.99043747263738	-152.78464698685275	-152.38747124326017	-158.385365707613	-153.61756890519143	-167.64173288590018
-119.51660547070985	-123.74104066297751	-132.73238759106616	-159.89018492153593	-134.99043747263738	-152.78464698685275	-152.38747124326017	-158.385365707613	-153.61756890519143	-167.64173288590018
-119.51660547070985	-123.74104066297751	-132.73238759106616	-159.89018492153593	-134.99043747263738	-152.78464698685275	-152.38747124326017	-158.385365707613	-153.61756890519143	-167.64173288590018
-119.51660547070985	-123.74104066297751	-132.73238759106616	-159.89018492153593	-134.99043747263738	-152.78464698685275	-152.38747124326017	-158.385365707613	-153.61756890519143	-167.64173288590018
-119.51660547070985	-123.74104066297751	-132.73238759106616	-159.89018492153593	-134.99043747263738	-152.78464698685275	-152.38747124326017	-158.385365707613	-154.3859453343402	-167.64173288590018
-119.51660547070985	-123.74104066297751	-132.73238759106616	-159.89018492153593	-134.99043747263738	-152.78464698685275	-152.38747124326017	-158.385365707613	-154.3859453343402	-167.64173288590018
-119.51660547070985	-123.74104066297751	-132.73238759106616	-159.89018492153593	-134.99043747263738	-152.78464698685275	-152.38747124326017	-158.385365707613	-154.3859453343402	-167.64173288590018
-119.51660547070985	-123.74104066297751	-132.73238759106616	-159.89018492153593	-134.99043747263738	-152.78464698685275	-152.38747124326017	-158.385365707613	-154.3859453343402	-167.64173288590018
-119.51660547070985	-123.74104066297751	-132.73238759106616	-159.89018492153593	-134.99043747263738	-152.78464698685275	-152.38747124326017	-158.385365707613	-154.3859453343402	-167.64173288590018
-119.51660547070985	-123.74104066297751	-132.73238759106616	-159.89018492153593	-134.99043747263738	-152.78464698685275	-152.38747124326017	-158.385365707613	-154.3859453343402	-167.64173288590018
-119.51660547070985	-123.74104066297751	-132.73238759106616	-159.89018492153593	-134.99043747263738	-152.78464698685275	-152.38747124326017	-158.385365707613	-154.3859453343402	-167.64173288590018
-119.51660547070985	-123.74104066297751	-132.73238759106616	-159.89018492153593	-134.99043747263738	-152.78464698685275	-152.88695164348934	-158.385365707613	-154.3859453343402	-167.64173288590018
-119.51660547070985	-123.74104066297751	-132.73238759106616	-159.89018492153593	-134.99043747263738	-152.78464698685275	-152.88695164348934	-158.385365707613	-154.3859453343402	-167.64173288590018
-119.51660547070985	-123.74104066297751	-132.73238759106616	-159.89018492153593	-134.99043747263738	-152.78464698685275	-152.88695164348934	-158.385365707613	-154.3859453343402	-167.64173288590018
-119.51660547070985	-123.74104066297751	-132.73238759106616	-159.89018492153593	-134.99043747263738	-152.78464698685275	-152.88695164348934	-158.385365707613	-154.63900193297312	-167.64173288590018
-119.51660547070985	-123.74104066297751	-132.73238759106616	-159.89018492153593	-134.99043747263738	-152.78464698685275	-152.88695164348934	-158.385365707613	-154.63900193297312	-167.64173288590018
-119.51660547070985	-123.74104066297751	-132.73238759106616	-159.89018492153593	-134.99043747263738	-152.78464698685275	-152.88695164348934	-158.385365707613	-154.63900193297312	-167.64173288590018
-119.51660547070985	-123.74104066297751	-132.73238759106616	-159.89018492153593	-134.99043747263738	-152.78464698685275	-152.88695164348934	-158.385365707613	-154.63900193297312	-167.64173288590018
-119.51660547070985	-123.74104066297751	-132.73238759106616	-159.89018492153593	-134.99043747263738	-152.78464698685275	-152.88695164348934	-158.385365707613	-154.63900193297312	-167.64173288590018
-119.51660547070985	-123.74104066297751	-132.73238759106616	-159.89018492153593	-134.99043747263738	-152.78464698685275	-152.88695164348934	-158.385365707613	-154.63900193297312	-167.64173288590018
-119.51660547070985	-123.74104066297751	-132.73238759106616	-159.89018492153593	-134.99043747263738	-152.78464698685275	-152.88695164348934	-158.385365707613	-154.63900193297312	-167.64173288590018
-119.51660547070985	-123.74104066297751	-132.73238759106616	-159.89018492153593	-134.99043747263738	-152.78464698685275	-153.9199350424156	-158.385365707613	-154.63900193297312	-168.28314956396903
-119.51660547070985	-123.74104066297751	-132.73238759106616	-159.89018492153593	-134.99043747263738	-152.78464698685275	-153.9199350424156	-158.385365707613	-154.63900193297312	-168.28314956396903
-119.51660547070985	-123.74104066297751	-132.73238759106616	-159.89018492153593	-134.99043747263738	-152.78464698685275	-153.9199350424156	-158.385365707613	-154.63900193297312	-168.28314956396903
-119.51660547070985	-123.74104066297751	-132.73238759106616	-159.89018492153593	-134.99043747263738	-152.78464698685275	-153.9199350424156	-158.385365707613	-154.63900193297312	-168.28314956396903
-119.51660547070985	-123.74104066297751	-132.73238759106616	-159.89018492153593	-134.99043747263738	-152.78464698685275	-153.9199350424156	-158.385365707613	-154.63900193297312	-168.28314956396903
-119.51660547070985	-123.74104066297751	-132.73238759106616	-159.89018492153593	-134.99043747263738	-152.78464698685275	-153.9199350424156	-158.385365707613	-154.63900193297312	-168.28314956396903
-119.51660547070985	-123.74104066297751	-132.73238759106616	-159.89018492153593	-134.99043747263738	-152.78464698685275	-153.9199350424156	-158.385365707613	-154.63900193297312	-168.28314956396903
-119.51660547070985	-123.74104066297751	-132.73238759106616	-159.89018492153593	-134.99043747263738	-152.78464698685275	-153.9199350424156	-158.385365707613	-154.63900193297312	-168.28314956396903
-119.51660547070985	-123.74104066297751	-132.73238759106616	-159.89018492153593	-134.99043747263738	-152.78464698685275	-153.9199350424156	-158.385365707613	-154.63900193297312	-168.28314956396903
-119.51660547070985	-123.74104066297751	-132.73238759106616	-159.89018492153593	-134.99043747263738	-152.78464698685275	-153.9199350424156	-158.385365707613	-154.63900193297312	-168.28314956396903
-119.51660547070985	-123.74104066297751	-132.73238759106616	-159.89018492153593	-134.99043747263738	-152.78464698685275	-153.9199350424156	-158.385365707613	-154.63900193297312	-168.28314956396903
-119.51660547070985	-123.74104066297751	-132.73238759106616	-159.89018492153593	-134.99043747263738	-152.78464698685275	-156.20196829123188	-158.385365707613	-154.63900193297312	-168.28314956396903
-119.51660547070985	-123.74104066297751	-132.73238759106616	-159.89018492153593	-134.99043747263738	-152.78464698685275	-156.20196829123188	-158.385365707613	-154.63900193297312	-168.28314956396903
-119.51660547070985	-123.74104066297751	-132.73238759106616	-159.89018492153593	-134.99043747263738	-152.78464698685275	-156.20196829123188	-158.385365707613	-155.36935738297623	-168.28314956396903
-119.51660547070985	-123.74104066297751	-132.73238759106616	-159.89018492153593	-134.99043747263738	-152.78464698685275	-156.20196829123188	-158.385365707613	-155.36935738297623	-168.28314956396903
-119.51660547070985	-123.74104066297751	-132.73238759106616	-159.89018492153593	-134.99043747263738	-152.78464698685275	-156.20196829123188	-158.385365707613	-155.51031929024467	-168.28314956396903
-119.51660547070985	-123.74104066297751	-132.73238759106616	-159.89018492153593	-134.99043747263738	-152.78464698685275	-156.20196829123188	-158.385365707613	-155.51031929024467	-168.28314956396903
-119.51660547070985	-123.74104066297751	-132.73238759106616	-159.89018492153593	-134.99043747263738	-152.78464698685275	-156.20196829123188	-158.385365707613	-155.51031929024467	-168.28314956396903
-119.51660547070985	-123.74104066297751	-132.73238759106616	-159.89018492153593	-134.99043747263738	-152.78464698685275	-156.20196829123188	-158.385365707613	-155.51031929024467	-168.28314956396903
